50 136
1 38 5 2
3 20 2 15
42 20 15 24
27 4 3 3
6 33 12 15
21 3 13 21
37 7 10 4
41 12 10 11
5 28 2 2
21 42 16 12
6 24 11 2
20 37 9 15
22 32 4 16
40 44 6 20
23 31 9 46
36 18 2 11
20 34 4 4
33 41 20 28
24 7 9 63
8 11 15 8
13 41 19 10
6 9 11 5
3 23 14 3
31 39 19 8
43 42 6 2
27 40 1 53
35 21 9 10
13 12 18 21
40 31 12 14
1 8 3 5
22 37 6 48
26 11 9 2
9 26 5 1
2 44 3 7
32 40 9 37
33 45 18 3
11 21 18 2
42 14 4 5
38 37 12 54
19 47 16 12
30 21 10 3
28 45 13 36
47 13 9 1
19 39 2 7
8 46 12 1
7 2 8 14
7 40 3 1
20 48 5 5
44 12 6 29
18 37 19 28
48 49 7 13
45 19 9 2
22 15 4 13
30 42 3 15
42 3 19 9
38 26 19 9
43 3 20 11
9 10 19 16
49 45 14 15
22 44 16 13
16 34 20 14
36 17 8 14
15 32 17 3
9 21 12 5
2 41 20 25
10 36 6 1
3 16 16 5
37 33 18 15
44 39 1 2
39 50 6 42
30 37 19 44
26 43 15 14
5 49 18 23
32 49 5 35
42 15 4 4
31 41 19 24
36 32 7 7
11 29 16 1
46 12 4 15
26 42 11 16
1 6 5 5
18 2 7 46
6 10 5 21
3 48 4 20
47 41 11 11
15 5 19 15
4 10 7 15
5 2 3 38
48 40 13 15
23 2 18 45
26 21 4 4
35 43 7 20
35 45 5 15
6 11 7 8
29 13 10 15
29 22 1 4
9 33 10 13
19 44 3 5
41 50 1 26
24 11 17 6
31 50 2 50
5 13 15 53
8 25 12 1
25 28 9 42
21 18 4 23
8 48 5 51
38 35 15 3
16 37 10 25
29 10 20 12
45 47 20 14
14 37 10 34
46 3 19 30
8 27 6 3
3 18 1 2
12 50 1 15
45 13 9 15
11 10 15 13
31 13 8 14
36 16 9 14
10 28 5 22
38 29 9 12
9 30 2 2
17 12 5 5
35 14 6 27
24 9 19 3
31 12 20 35
34 49 16 14
30 43 18 13
35 22 9 13
29 43 6 11
32 28 18 14
38 9 4 8
7 13 6 29
17 39 7 52
7 19 16 16
6 26 6 6
