50 146
1 8 10 2
16 21 9 29
6 2 16 15
23 4 19 29
14 26 18 16
44 34 10 3
28 20 8 14
7 16 3 4
42 43 10 14
5 49 2 24
37 49 7 25
38 28 14 36
10 32 20 6
12 5 8 14
6 42 5 6
1 6 10 5
31 35 12 14
21 4 8 21
40 39 5 30
25 35 12 13
48 34 5 7
46 24 15 23
27 21 9 53
8 42 12 9
27 35 1 23
35 28 19 15
3 4 10 5
29 39 7 9
14 2 20 13
46 39 3 21
5 4 7 35
17 20 7 12
21 49 4 10
13 29 8 15
33 5 2 46
43 29 10 2
15 28 19 15
42 46 19 4
48 22 5 14
17 23 16 5
17 11 19 7
49 50 5 26
14 13 19 2
5 50 17 50
30 25 8 51
30 40 14 1
5 11 10 8
12 5 15 14
39 33 14 3
4 50 7 15
12 23 20 20
41 34 6 16
44 27 14 15
23 11 10 2
30 45 1 3
32 26 19 13
43 39 17 11
39 22 12 5
34 12 16 37
42 32 8 2
9 43 20 11
27 38 10 2
49 4 12 11
6 10 7 2
2 28 1 3
30 32 18 8
3 11 3 52
15 46 15 10
47 7 20 34
10 16 3 63
9 41 15 4
46 29 17 12
11 50 5 42
48 3 5 14
27 37 16 38
8 7 14 54
45 36 20 3
13 46 10 3
15 47 1 27
41 23 3 13
22 31 12 14
32 9 2 1
30 19 6 1
1 30 11 5
37 23 1 7
34 35 14 35
14 46 13 5
25 35 8 13
28 17 19 2
41 44 17 13
13 7 19 44
10 14 4 3
39 25 3 20
32 46 11 2
15 41 7 13
38 28 17 36
9 26 15 12
13 43 14 13
40 4 12 15
39 18 6 15
18 25 1 5
7 2 17 15
39 24 20 2
8 14 9 8
18 31 10 4
24 7 19 28
6 14 11 5
16 17 16 16
33 37 10 45
33 37 16 45
21 4 7 21
14 42 13 1
39 18 20 15
26 38 5 22
25 12 10 15
8 15 2 3
19 38 15 42
8 9 2 12
34 38 14 14
15 43 15 20
26 48 18 1
42 43 5 14
36 26 18 15
18 7 3 15
6 26 12 21
9 21 17 15
48 24 18 11
29 47 8 5
20 49 17 11
41 7 11 48
45 12 15 53
16 37 5 14
2 49 2 28
42 29 16 16
28 21 10 15
6 32 9 8
5 21 5 14
16 12 6 1
24 37 10 46
35 28 1 15
22 7 3 25
16 37 9 14
20 21 12 1
29 44 11 4
29 18 15 24
4 50 6 15
