300 1432
1 206 19 5
21 213 5 21
39 238 5 23
6 236 4 13
10 209 20 50
212 109 20 15
222 279 9 21
170 134 14 42
169 214 16 4
205 10 3 9
168 299 13 12
281 132 1 12
279 33 2 12
11 123 15 16
295 33 14 14
38 278 3 9
74 106 6 13
257 180 11 13
95 20 4 25
100 44 9 11
187 240 12 1
292 221 3 13
61 88 4 1
25 158 9 14
234 130 6 4
37 135 2 24
183 135 16 23
296 164 18 12
4 186 11 9
209 174 13 8
287 158 17 38
163 225 14 28
202 96 14 54
101 190 17 34
278 163 17 47
175 123 20 13
153 187 17 18
287 169 7 32
127 227 16 39
144 123 9 10
75 45 1 3
162 250 20 12
75 280 15 42
43 252 7 15
145 217 8 12
68 26 2 11
174 283 18 11
41 119 10 14
205 197 18 15
266 153 5 48
107 29 5 4
89 43 9 29
186 18 3 18
45 118 4 12
253 106 3 4
279 253 15 30
188 284 4 13
120 63 2 42
158 6 17 11
114 93 2 9
273 181 12 3
32 62 11 22
187 200 7 5
195 169 14 37
44 38 19 25
191 280 8 18
81 77 15 22
123 164 11 2
9 42 7 49
137 144 14 12
91 37 20 6
290 234 10 33
230 240 16 32
172 196 14 5
128 221 3 42
54 150 11 32
94 273 12 2
101 279 2 54
43 272 1 3
94 119 11 14
252 280 15 19
4 89 20 30
129 274 9 2
71 79 10 7
77 146 18 45
137 283 4 31
232 175 13 3
68 254 1 23
23 230 7 5
182 13 1 4
219 147 8 2
46 287 11 2
167 300 17 15
52 14 17 29
291 71 3 28
180 174 17 11
208 46 6 19
160 258 11 4
105 94 4 50
60 191 13 14
174 123 20 2
133 151 15 33
176 132 3 46
22 130 18 21
197 281 2 14
270 111 17 2
88 32 8 3
258 273 15 29
179 290 20 27
267 290 16 29
240 144 1 1
112 270 15 44
121 195 14 16
65 282 8 4
56 137 7 14
73 220 6 14
260 130 2 15
76 60 1 49
241 253 15 5
204 18 12 2
249 238 11 34
179 75 10 11
150 123 16 36
63 300 5 2
13 229 17 30
215 180 18 11
163 83 20 4
15 245 11 14
153 240 12 19
52 104 11 5
197 244 7 3
142 87 12 4
116 98 9 40
178 168 5 5
81 36 5 25
95 203 15 4
207 11 2 39
161 57 3 25
242 59 19 12
138 196 6 36
98 193 5 5
247 113 4 27
230 47 10 11
116 238 3 38
54 35 18 3
235 36 15 2
50 223 11 41
184 135 1 4
82 201 2 5
119 111 3 14
257 143 13 4
182 124 20 14
86 176 17 12
168 194 19 15
169 151 6 1
14 44 7 1
28 2 4 7
165 106 20 58
182 12 8 27
114 286 18 12
13 159 11 43
65 129 11 9
134 266 3 5
23 54 10 32
189 80 16 11
251 163 9 29
212 134 11 40
175 52 20 5
36 5 17 3
99 229 12 18
88 97 13 28
247 282 17 30
236 51 13 6
133 143 15 23
64 72 6 37
222 196 1 45
278 95 8 53
84 198 17 37
24 200 14 18
240 281 11 23
266 280 1 12
274 96 17 10
261 129 19 23
11 164 10 18
88 85 2 5
30 100 14 13
138 252 6 39
287 79 12 41
12 28 11 14
122 20 6 54
95 170 15 30
131 64 5 22
191 139 15 13
83 55 9 26
297 2 10 4
24 197 19 23
202 46 14 16
94 111 19 28
264 128 15 47
266 127 4 11
33 80 11 1
132 262 20 21
217 181 9 11
173 142 9 30
69 34 7 2
246 157 6 29
82 97 13 13
212 64 15 4
293 228 17 32
199 3 17 3
71 256 9 11
201 204 4 19
39 37 1 25
38 129 2 3
267 215 1 5
93 254 3 5
86 108 8 49
234 55 8 10
106 118 13 13
220 42 8 25
281 51 4 22
171 230 10 15
62 146 3 37
189 69 18 2
117 42 12 5
152 122 6 2
28 217 1 20
206 204 2 44
55 246 17 22
206 225 3 13
30 133 2 28
197 11 8 38
116 201 10 28
234 45 5 36
253 237 7 1
9 58 8 26
245 47 9 3
120 144 15 27
269 130 15 3
128 109 6 5
41 210 4 44
36 98 20 12
233 278 15 11
295 221 15 5
245 154 18 15
115 43 8 5
136 74 17 5
152 159 14 30
184 168 7 5
147 9 3 11
222 21 2 9
268 277 7 5
26 78 10 51
99 145 1 2
34 281 14 20
47 255 4 20
243 66 19 50
144 262 1 3
243 190 13 51
169 223 20 33
15 127 13 37
144 105 5 5
101 279 1 3
205 34 5 9
11 63 10 21
292 229 5 45
213 23 5 1
75 253 10 26
261 282 8 18
6 28 16 53
27 119 8 54
268 43 2 3
171 229 11 27
108 15 16 22
2 54 16 3
227 29 18 6
191 47 7 52
160 84 12 13
2 197 8 17
205 285 18 13
299 195 11 3
39 207 1 14
169 179 17 5
43 299 14 16
278 227 10 12
27 285 14 14
16 46 12 11
192 170 3 7
243 20 13 53
128 132 15 43
84 94 12 18
116 186 8 31
296 32 18 2
93 278 9 35
240 200 15 4
124 94 19 12
245 128 18 16
202 242 9 20
263 42 7 13
188 149 2 22
281 33 11 20
152 190 5 54
6 41 11 15
153 128 10 11
201 62 2 5
80 105 16 14
232 43 4 18
55 138 15 7
172 108 14 45
251 298 17 14
211 260 2 42
130 64 10 15
202 231 10 1
236 283 19 33
205 255 10 5
296 91 12 5
131 157 4 4
13 252 11 15
221 185 6 5
87 10 3 1
201 19 14 47
153 217 11 24
3 211 12 14
124 42 10 29
89 204 12 15
251 95 14 35
227 107 18 2
251 12 13 14
65 23 5 14
215 8 19 10
178 193 19 30
219 2 6 3
90 200 15 16
192 279 11 20
61 97 6 29
59 149 12 11
88 238 15 30
225 246 7 24
33 51 9 2
60 144 12 11
24 160 5 15
64 23 5 14
143 266 9 13
256 161 17 14
144 181 8 60
223 234 1 32
82 186 11 8
137 17 20 37
262 154 18 30
188 260 19 3
161 26 14 2
189 127 9 1
133 7 2 25
203 165 17 15
124 300 19 4
75 102 7 34
37 56 9 3
289 146 4 51
243 130 3 46
18 79 3 13
183 232 7 2
32 5 8 20
130 138 15 13
205 240 15 6
270 154 1 4
187 236 3 40
224 259 11 20
248 63 4 59
88 62 7 25
99 234 11 46
179 171 18 5
191 23 11 36
268 114 14 3
208 202 7 3
292 234 18 2
47 240 4 21
108 131 5 42
136 163 10 28
207 144 5 45
100 247 13 4
67 110 10 35
160 92 16 13
116 82 5 23
192 117 11 12
258 111 1 55
3 252 16 15
37 49 7 14
46 197 1 11
233 204 14 33
153 72 9 5
150 160 17 50
71 240 17 11
191 64 3 22
198 167 17 12
9 94 19 32
125 259 2 2
248 276 8 51
5 184 19 29
23 128 11 29
105 220 5 42
263 9 5 24
165 194 13 1
74 290 11 10
177 266 16 15
195 59 14 19
284 179 2 21
38 79 4 20
15 142 20 32
31 138 4 3
62 49 15 21
38 181 14 11
81 5 20 28
106 127 8 11
249 235 2 22
134 29 15 61
188 129 4 21
104 125 19 16
70 124 16 50
164 84 2 25
293 181 17 12
216 140 12 14
277 299 19 14
105 27 14 10
162 50 17 14
30 68 1 5
7 278 11 5
202 125 5 5
177 25 17 24
114 291 12 30
74 66 15 51
15 264 2 38
74 161 20 5
262 198 17 4
174 270 10 21
26 86 7 2
69 217 6 5
21 126 18 13
83 23 15 12
298 139 6 51
280 128 6 47
291 161 19 53
207 27 1 60
50 182 17 11
132 11 6 12
22 20 1 28
238 266 20 14
153 2 14 11
135 156 12 25
18 208 7 15
110 205 9 1
113 169 18 16
113 79 13 25
204 146 18 23
45 6 17 26
10 200 2 1
20 170 13 5
60 6 7 19
266 189 10 10
23 153 10 18
132 112 6 3
89 211 8 17
284 217 7 14
7 226 19 12
257 265 3 4
122 95 18 29
178 104 2 41
216 243 20 8
142 127 10 5
29 174 7 15
274 79 16 15
4 30 3 45
238 184 17 22
32 36 13 17
33 53 17 8
192 253 1 5
268 169 11 59
48 5 11 29
150 174 6 34
6 64 20 17
59 103 4 5
46 149 18 27
60 134 19 15
266 102 15 4
126 262 4 7
297 187 4 11
213 245 1 11
230 288 15 13
250 158 5 16
37 275 6 13
281 117 2 44
286 42 13 1
134 157 7 3
255 217 11 6
245 34 19 27
105 276 11 2
193 100 19 25
276 273 9 50
262 270 2 26
3 68 18 27
24 137 12 2
278 8 5 20
187 147 9 15
22 253 18 11
137 270 9 41
62 43 12 28
97 146 5 34
261 141 11 25
55 78 18 5
91 178 13 1
66 190 5 1
41 34 11 1
283 185 8 19
1 36 11 30
196 191 12 4
165 31 18 9
224 19 9 21
109 244 4 15
8 95 6 33
218 77 1 7
141 281 1 13
18 224 19 5
104 19 11 19
98 46 8 43
251 203 2 39
177 182 17 35
166 136 10 3
251 152 9 4
66 155 12 5
47 281 16 44
226 220 9 31
234 170 17 16
203 130 19 14
83 57 15 3
165 66 11 3
151 166 18 13
34 207 2 5
128 197 19 17
195 294 15 6
161 203 11 28
157 128 20 3
241 110 11 14
294 169 13 31
203 76 7 4
252 226 15 11
19 261 13 11
102 221 14 15
120 295 14 3
241 180 1 16
129 149 6 1
83 159 7 1
282 240 14 13
20 78 20 4
284 38 9 5
36 252 8 14
16 219 2 1
222 73 11 2
126 84 3 41
31 237 19 46
143 141 9 3
271 149 8 34
142 288 9 42
123 117 20 4
70 53 2 5
266 245 9 43
248 70 2 37
271 284 16 25
60 131 12 14
268 146 4 12
288 24 11 5
9 111 2 4
227 90 10 5
132 236 16 4
108 298 4 4
135 65 5 36
48 85 9 11
85 239 10 46
116 97 2 36
117 63 7 1
129 66 9 12
177 169 6 32
238 37 14 2
155 131 18 44
231 166 5 53
231 195 11 12
297 205 5 6
137 9 15 35
214 222 6 15
19 46 16 8
197 281 7 14
169 74 20 22
64 90 3 39
115 3 3 19
1 82 13 25
277 121 11 1
156 288 8 11
43 46 4 22
228 267 10 7
208 156 11 25
208 100 4 6
282 182 9 16
285 124 19 14
282 50 11 5
97 98 12 4
79 167 9 12
166 223 7 19
45 139 9 34
263 84 19 38
69 207 7 1
59 288 15 13
113 25 2 8
55 31 18 4
145 26 3 8
1 91 18 16
277 65 3 37
196 102 8 14
159 244 19 13
139 154 13 11
62 19 2 42
154 300 1 5
215 223 10 25
207 120 17 18
33 209 7 10
40 164 1 14
256 12 8 17
295 263 11 23
191 180 10 13
23 187 20 36
44 261 9 5
155 262 19 14
287 129 17 24
2 207 12 16
232 277 18 20
66 31 19 6
257 228 1 9
261 113 13 15
93 177 15 5
254 65 19 15
163 95 4 6
285 84 2 8
137 33 12 2
14 230 15 14
37 202 17 7
4 3 8 33
75 106 4 30
184 148 5 5
74 159 4 28
57 234 11 13
171 95 11 41
36 30 14 29
296 98 20 31
294 257 16 18
148 84 2 12
132 92 7 2
249 296 15 5
118 270 15 13
49 293 1 7
269 145 13 14
244 120 12 14
244 281 2 11
190 78 18 6
279 67 1 4
164 285 9 17
289 135 3 45
199 50 5 14
168 146 17 5
241 142 17 15
253 110 2 9
122 83 10 27
163 57 5 7
86 191 10 1
45 15 4 1
72 128 7 6
273 119 8 12
39 201 13 13
135 261 20 22
291 96 20 30
117 27 5 1
216 99 17 4
295 276 8 31
59 99 9 37
186 30 10 26
6 24 14 2
136 12 3 13
252 41 13 21
218 68 12 44
41 187 4 52
194 222 15 2
137 117 16 26
10 207 5 5
76 131 15 2
172 45 13 3
58 300 18 52
187 10 4 4
156 214 12 32
257 50 2 5
173 139 3 31
221 258 17 47
174 198 11 2
166 163 10 31
81 61 16 4
177 143 10 23
173 196 1 14
28 90 9 3
68 93 15 18
160 42 13 48
192 241 19 45
72 176 12 3
2 236 20 47
183 56 12 2
291 143 16 17
53 58 9 51
133 291 19 6
269 66 7 14
149 13 5 14
30 268 11 1
125 46 16 11
70 185 8 45
1 4 10 4
123 27 4 5
232 49 1 11
216 22 8 33
242 286 16 13
81 98 15 37
130 246 19 28
26 197 5 11
12 290 4 2
264 47 6 34
238 232 13 5
191 41 8 20
283 258 4 9
84 185 13 1
272 41 19 14
196 6 11 9
89 104 13 24
55 45 11 26
135 259 20 10
271 250 12 31
40 221 5 1
195 182 11 40
226 198 1 4
78 138 8 2
141 269 4 13
97 293 19 5
154 42 5 39
88 5 1 23
130 170 4 12
130 75 15 29
177 151 17 33
123 160 6 14
196 127 4 21
258 119 18 41
224 194 18 12
6 23 14 31
69 10 17 58
120 150 18 1
130 55 2 6
39 289 2 4
295 33 8 14
125 293 1 9
56 261 12 43
277 162 2 32
298 109 2 12
188 291 19 3
274 161 10 33
175 100 3 24
264 90 18 43
169 136 8 17
176 112 12 49
145 73 16 3
154 84 20 4
143 256 2 22
25 216 13 23
78 106 11 48
234 78 6 15
166 131 7 12
63 140 3 8
283 9 5 4
279 246 16 3
3 104 20 21
117 226 1 2
107 187 8 14
269 161 14 20
91 39 14 1
195 38 11 26
104 271 16 20
208 242 4 23
74 172 13 13
81 249 6 1
237 264 2 15
112 137 16 3
5 199 19 1
81 200 20 14
79 256 13 4
49 46 1 29
162 266 17 15
29 35 6 9
73 138 12 7
77 37 13 15
255 174 7 62
33 70 19 3
99 127 18 14
247 44 19 7
3 98 8 5
96 73 11 11
239 299 1 18
158 269 13 1
29 236 19 50
116 48 12 2
275 274 20 8
222 60 1 35
126 140 16 27
246 60 16 11
278 267 17 5
240 70 17 46
50 96 19 12
94 119 15 14
206 89 12 29
124 220 2 4
297 54 11 7
21 15 1 20
195 265 18 28
289 27 20 13
20 45 20 25
274 267 17 9
224 202 7 13
41 230 4 21
248 144 5 44
20 21 12 6
31 15 20 23
223 172 1 2
43 293 20 20
185 119 14 31
153 176 12 8
223 163 16 12
91 89 6 18
264 41 4 2
150 51 18 18
8 33 12 12
241 142 5 15
225 262 11 11
91 186 16 17
227 111 16 15
18 49 11 5
229 140 8 15
90 105 15 13
141 228 16 2
235 52 18 25
84 94 9 18
99 203 3 36
2 150 2 35
32 233 17 3
279 75 12 4
143 96 14 13
271 299 15 1
161 270 2 12
53 84 2 39
239 245 19 13
184 247 17 14
28 210 2 6
257 274 14 7
204 241 16 11
139 288 8 41
43 202 19 6
59 171 5 28
57 203 5 3
287 25 16 24
263 283 8 20
88 201 3 20
259 38 5 32
113 274 14 10
224 121 9 10
134 245 10 48
65 50 6 9
298 67 4 14
203 165 8 15
12 130 17 39
14 38 13 26
224 271 11 22
169 182 15 3
164 198 1 2
183 193 14 4
117 181 17 46
209 58 9 49
181 119 14 9
256 8 2 5
242 38 4 19
19 14 7 5
7 169 11 7
23 176 7 26
70 270 13 36
164 283 3 7
97 238 11 2
152 222 14 2
26 55 6 46
214 171 9 6
31 28 12 13
51 63 6 23
274 145 19 27
190 173 16 30
275 30 6 4
174 154 18 25
279 15 13 8
83 95 9 2
133 282 14 19
5 89 3 1
48 214 5 13
15 230 19 1
227 205 1 11
271 59 20 23
253 6 5 3
221 124 20 4
283 119 2 50
101 194 4 31
284 71 6 18
87 248 4 13
14 46 1 3
163 22 8 3
131 176 9 62
88 231 11 6
194 225 20 2
180 107 11 45
59 182 15 21
246 280 15 43
255 150 19 28
97 183 5 5
8 101 4 22
34 295 12 26
93 188 7 8
36 238 12 10
122 76 3 37
1 81 11 5
53 263 7 1
105 160 19 19
133 156 13 4
116 191 20 13
173 106 1 24
221 283 11 38
55 108 15 5
21 191 2 40
280 90 6 43
115 235 11 10
168 100 13 5
165 192 18 4
133 182 1 35
164 258 18 16
91 77 15 11
66 298 2 11
15 213 12 1
253 127 18 15
109 70 12 49
89 30 1 25
89 193 9 13
178 285 15 12
277 242 19 24
288 227 11 2
78 280 20 3
117 140 12 9
299 7 12 33
278 256 5 15
103 292 4 5
202 247 19 7
16 162 6 23
270 111 4 54
241 252 16 2
72 207 9 22
76 45 12 42
253 180 11 11
240 174 20 61
183 176 15 14
200 53 9 47
157 69 16 14
114 65 16 9
67 191 13 24
102 264 5 8
171 161 1 17
52 43 11 10
101 165 17 30
150 9 3 49
122 159 17 28
90 128 4 4
68 65 6 38
142 189 9 4
67 237 7 27
193 204 7 2
3 37 17 5
55 281 1 13
66 170 15 8
221 181 2 2
242 188 10 1
82 5 13 8
188 284 13 13
226 300 19 1
232 236 17 12
219 10 17 3
62 268 13 25
153 109 3 16
146 19 2 5
227 187 2 16
83 192 20 25
195 177 11 5
224 114 16 7
290 194 7 39
5 175 2 15
250 7 1 3
40 51 16 2
245 153 19 5
152 22 18 28
188 113 5 13
72 51 7 59
286 111 6 12
298 157 17 42
147 70 12 32
118 53 7 52
171 251 7 6
34 150 14 24
164 17 19 13
125 133 20 13
187 147 17 15
262 164 3 9
247 177 8 11
282 214 18 17
30 239 13 2
76 170 14 22
238 30 8 19
105 92 19 32
243 229 1 14
207 147 14 6
150 262 8 29
54 120 5 31
207 197 5 1
121 259 11 10
186 184 10 29
54 33 4 48
265 269 11 16
226 285 1 13
75 200 13 13
189 230 6 25
214 79 2 5
176 137 5 52
276 154 17 26
17 58 15 24
108 279 13 14
127 64 9 5
178 232 7 28
56 231 13 25
96 163 19 41
82 204 14 24
165 55 9 5
282 265 1 4
133 147 17 11
196 131 20 4
227 297 12 5
200 92 4 15
145 190 14 53
277 260 1 28
11 92 2 43
173 241 19 15
109 295 17 32
129 215 9 16
15 106 16 26
134 264 13 17
292 13 9 15
92 58 5 12
164 9 5 11
151 251 19 15
48 183 14 39
80 63 1 24
210 33 10 52
6 90 6 3
252 110 15 12
118 150 2 28
143 149 11 2
223 57 20 19
45 173 8 3
132 283 8 37
88 175 2 38
35 42 3 11
250 288 2 15
205 35 5 4
44 6 14 12
29 281 1 34
139 24 1 46
285 167 17 4
297 11 13 59
227 24 12 3
286 300 19 30
169 71 2 2
65 113 12 1
290 223 17 1
162 25 12 14
23 245 12 13
272 299 15 13
158 136 19 11
54 217 7 10
238 175 13 8
77 204 17 22
283 124 5 24
46 242 12 4
163 41 12 13
290 40 7 5
120 132 15 9
78 196 1 38
247 284 19 27
235 186 4 5
292 203 1 4
96 145 9 17
214 216 20 11
285 300 13 4
240 120 3 26
61 37 2 30
240 217 13 5
85 275 4 40
144 92 1 37
245 187 13 23
212 139 2 52
233 199 14 18
125 279 5 13
237 23 18 33
204 211 15 2
204 16 7 25
35 118 7 1
225 20 17 3
70 105 2 12
48 89 8 30
82 247 12 5
220 286 15 24
127 210 9 47
37 268 20 18
142 180 19 1
155 45 17 23
140 258 17 5
3 239 3 24
95 190 7 23
180 109 15 2
98 175 13 6
199 104 7 24
13 66 6 4
256 243 17 10
136 8 16 1
57 234 7 13
150 80 19 17
229 101 13 3
110 176 6 51
24 217 2 19
113 108 19 11
257 169 18 13
155 212 19 5
154 119 8 36
140 58 3 26
280 276 10 14
146 276 2 12
134 189 6 15
81 32 10 8
157 297 12 2
90 176 13 1
262 92 12 34
193 251 1 11
247 181 16 11
86 142 8 2
104 184 7 4
148 93 3 15
19 271 10 1
29 217 11 16
45 280 14 39
149 171 3 17
104 44 6 25
101 234 6 25
28 217 3 20
166 8 4 4
141 215 5 14
108 170 13 1
114 46 8 22
125 291 19 19
113 257 15 3
228 76 15 63
6 187 20 5
48 62 1 31
226 181 12 44
126 117 12 18
290 229 4 5
41 23 19 16
256 216 10 2
256 283 14 14
245 288 14 5
66 167 8 15
122 130 6 47
290 66 9 41
200 120 10 22
272 257 10 40
186 97 15 5
239 184 17 1
123 124 14 33
91 193 19 31
217 80 16 39
247 294 13 12
149 228 14 3
9 185 1 15
63 181 16 45
230 107 19 17
264 28 4 40
117 258 16 14
159 196 13 1
82 235 19 3
136 12 10 13
103 152 19 33
7 214 16 11
260 162 4 4
155 138 6 4
249 145 20 12
262 181 16 2
296 238 2 29
265 80 16 13
104 100 17 14
224 93 13 26
183 239 10 18
152 165 7 50
175 121 18 18
134 180 4 12
158 12 14 24
85 97 14 23
43 208 17 3
13 223 12 26
33 144 17 10
151 152 1 19
282 166 14 27
33 92 17 47
241 134 11 4
297 10 15 15
94 300 14 46
106 153 10 48
157 300 5 14
297 217 17 17
250 141 19 4
42 111 10 11
139 72 18 46
280 64 14 4
3 18 4 14
152 243 2 3
235 293 9 5
119 286 10 2
231 156 10 21
29 240 11 11
123 226 16 6
75 142 11 36
289 114 16 42
243 192 18 51
283 58 17 30
123 140 20 13
155 241 5 41
138 117 5 14
267 92 4 11
14 133 1 5
203 279 17 39
89 129 19 11
67 142 4 36
290 163 15 13
163 192 19 29
117 273 5 43
124 286 1 28
294 86 11 62
131 69 1 18
78 142 7 1
122 155 16 3
96 158 9 2
155 196 19 40
289 43 4 42
265 169 17 9
61 199 20 25
15 245 16 5
219 58 17 15
297 240 16 12
290 210 17 11
35 11 3 49
268 272 14 6
21 237 11 43
6 230 15 36
296 36 4 19
265 50 2 1
107 150 4 42
196 241 11 1
34 244 3 9
174 185 12 30
85 21 5 12
283 42 19 53
210 276 4 15
109 217 17 8
120 226 4 43
6 69 5 13
293 7 10 29
142 263 13 14
280 72 11 41
190 196 12 44
54 200 2 9
218 82 3 5
221 154 20 52
159 138 18 32
11 174 19 14
126 209 7 4
33 226 1 26
225 131 1 49
172 15 9 15
222 106 12 55
255 236 15 40
52 275 9 2
114 284 17 40
287 15 13 15
297 210 20 3
196 200 20 12
8 22 8 30
213 157 2 23
271 93 7 4
114 261 13 25
236 164 14 26
228 169 13 4
136 130 4 1
68 14 19 18
233 115 3 2
110 128 18 54
155 75 19 20
19 294 8 11
28 197 5 24
272 261 14 22
100 24 1 15
7 166 3 21
22 203 11 7
160 111 20 1
170 157 14 45
98 239 17 19
207 248 11 1
25 105 9 14
162 59 3 4
194 153 2 15
244 33 14 31
232 114 20 18
65 149 5 10
291 282 5 13
173 266 11 24
103 203 14 11
36 18 4 21
184 69 16 11
15 191 6 20
63 285 18 14
246 264 10 43
233 201 4 14
218 204 5 29
176 34 17 14
147 105 1 44
205 244 7 18
251 122 10 6
47 248 12 30
164 270 14 17
70 276 20 14
274 251 3 22
156 256 11 41
9 258 8 5
52 49 5 3
239 135 15 5
264 288 4 36
1 201 15 30
108 21 10 2
218 62 14 15
54 51 13 50
16 294 12 14
230 245 16 8
88 218 7 10
35 80 10 46
163 159 8 5
121 19 18 11
174 58 7 41
227 109 17 14
234 17 6 12
257 25 3 5
222 131 20 49
80 126 20 5
155 298 1 6
98 183 14 1
291 284 19 10
122 298 19 62
140 181 20 37
226 270 16 13
20 181 15 12
236 286 7 15
37 234 3 15
141 182 16 9
54 63 14 12
1 116 7 2
233 218 19 4
206 97 2 33
125 177 2 13
276 92 15 30
118 132 14 36
195 103 19 24
190 90 1 11
181 198 14 14
75 241 18 21
291 129 20 18
171 101 15 30
272 65 8 36
102 110 15 1
221 270 9 48
114 19 18 14
293 156 3 8
153 297 7 7
4 183 19 39
121 222 9 14
288 205 6 13
176 197 4 20
80 185 1 47
153 28 11 4
274 10 7 14
35 120 15 28
79 166 18 5
169 126 12 15
59 269 14 25
32 55 7 13
4 98 11 18
112 236 6 1
77 176 2 15
299 293 12 4
130 192 20 5
50 96 18 12
53 9 9 25
257 250 16 3
48 218 1 16
9 160 20 1
100 261 12 16
253 147 15 14
16 54 17 11
131 6 10 5
146 16 14 2
276 185 18 31
111 300 13 18
