300 1417
1 129 8 5
135 166 1 31
59 54 1 8
131 49 2 13
113 37 9 4
109 255 17 15
253 293 17 38
152 214 5 3
7 38 2 14
86 109 17 18
62 269 12 44
293 120 15 19
240 5 4 52
299 134 9 12
298 122 16 14
138 241 16 46
3 114 7 10
275 84 7 37
246 12 10 18
212 131 13 23
118 42 12 4
31 300 11 5
13 102 19 4
73 195 19 15
68 223 4 34
6 287 5 25
145 256 9 49
234 66 9 14
276 214 2 7
133 12 10 42
171 222 14 55
214 31 14 30
55 70 4 41
38 211 6 32
94 257 12 9
163 197 17 2
59 239 2 5
231 98 17 13
192 251 20 29
203 249 15 51
293 280 16 50
111 65 15 30
119 184 11 45
140 55 4 43
284 273 15 14
196 104 17 51
98 90 6 14
144 92 5 26
135 262 2 32
147 285 3 50
59 297 17 8
106 154 19 6
261 88 5 25
95 238 18 26
273 32 18 24
186 217 18 26
236 295 4 25
158 13 5 18
205 102 5 15
174 227 3 13
107 116 17 14
128 75 5 7
177 146 2 18
60 116 8 6
80 153 17 43
298 290 11 1
136 57 20 4
54 271 20 29
94 169 14 7
26 99 18 30
27 252 18 3
169 130 16 10
23 68 7 8
82 75 16 32
188 221 10 24
112 88 8 5
85 172 4 2
216 44 14 8
253 122 14 47
91 114 12 5
265 56 18 5
63 117 11 13
100 55 12 18
209 181 2 39
32 122 15 5
213 282 1 5
201 17 13 15
186 75 14 37
61 276 15 5
264 20 5 3
268 148 10 7
255 92 18 12
34 268 18 15
251 83 3 2
241 106 19 4
227 9 13 18
175 32 17 11
87 281 8 17
39 181 3 47
74 12 20 29
270 137 19 24
125 75 6 59
138 62 6 49
167 207 20 12
117 296 14 51
191 249 15 54
273 194 5 13
17 231 14 8
207 171 17 2
216 7 3 5
238 159 15 9
272 156 17 12
165 18 8 14
181 123 11 15
158 70 4 5
71 196 17 8
40 93 9 11
138 197 7 14
271 201 16 5
9 76 9 2
54 295 4 1
287 228 15 21
111 249 14 23
29 288 20 29
102 105 15 5
215 77 19 13
235 132 2 53
216 10 7 1
246 228 7 11
186 142 11 6
260 243 19 38
206 73 12 15
116 103 16 11
284 289 14 4
223 45 13 20
296 76 8 50
116 86 6 15
254 211 20 11
193 291 1 36
103 217 11 25
190 96 7 4
25 134 12 11
38 223 15 11
39 81 15 28
24 128 1 29
100 134 4 13
115 131 4 23
166 93 6 43
49 55 13 12
7 217 4 26
80 149 16 25
132 237 17 25
56 184 15 1
291 50 18 9
108 238 10 11
203 99 20 14
8 162 20 12
214 269 12 26
198 34 15 22
60 183 5 25
204 209 18 27
253 178 5 2
246 208 13 18
32 194 13 49
200 230 2 49
253 285 18 4
182 32 10 35
99 144 1 15
294 41 17 2
238 84 9 15
123 252 8 39
212 204 6 35
130 69 7 41
158 224 14 11
298 76 14 43
70 154 10 59
156 179 4 29
292 189 3 1
52 281 19 28
81 42 2 32
17 212 15 5
189 239 1 13
281 132 14 17
198 124 3 1
272 119 2 25
181 42 3 13
214 255 5 34
98 127 18 21
207 145 4 2
114 140 2 22
2 65 13 8
84 155 12 39
22 47 19 1
134 220 10 45
276 144 16 27
181 119 19 5
169 71 8 27
47 111 7 33
62 182 6 3
25 47 4 10
280 151 10 14
181 114 6 6
135 90 12 10
205 224 9 4
266 100 17 40
1 292 2 16
112 78 5 18
213 267 13 11
30 294 15 8
220 262 12 42
13 211 11 1
242 243 15 49
167 148 17 13
72 225 13 13
118 256 5 44
176 155 9 12
146 11 12 1
287 216 18 42
128 93 3 12
6 192 20 10
1 239 18 30
297 58 7 26
232 217 3 19
43 24 6 5
88 7 18 29
73 147 4 49
21 25 4 5
76 280 2 12
191 171 8 2
105 164 4 6
15 267 6 44
115 204 20 35
230 65 6 1
10 52 11 23
285 300 2 4
68 179 11 47
213 99 19 5
286 223 5 3
150 83 1 21
201 227 2 12
24 257 4 32
73 165 19 32
234 300 2 2
8 77 5 5
226 45 8 5
261 24 20 5
217 176 3 9
20 284 2 30
95 264 12 3
248 22 10 11
35 196 13 11
125 233 4 12
273 293 5 20
169 102 10 14
208 17 6 9
299 286 12 48
20 56 3 14
197 262 16 24
169 53 3 22
69 111 11 6
181 65 8 12
192 35 17 44
153 218 5 25
118 264 18 23
51 250 18 4
246 143 9 20
145 140 3 24
94 75 7 13
74 107 10 24
80 182 5 14
257 21 15 7
69 272 10 4
49 158 14 48
228 24 9 7
35 291 3 38
52 204 1 21
270 146 18 5
184 159 17 14
43 233 14 34
237 37 16 3
164 147 5 32
164 32 8 11
251 184 4 11
241 293 4 37
75 46 19 22
231 50 1 21
188 194 4 25
85 192 11 4
6 97 14 5
231 235 13 3
13 164 1 15
115 215 20 33
184 284 3 15
230 275 17 22
65 28 1 45
277 86 2 46
238 283 15 1
37 91 18 15
298 234 12 1
60 232 7 23
58 116 18 13
183 245 6 32
158 73 17 16
258 256 15 2
292 74 16 18
66 285 7 14
175 41 9 2
287 12 11 28
243 79 16 16
267 296 12 15
109 166 13 22
1 198 1 5
61 234 3 24
168 89 2 23
50 87 19 1
198 146 16 37
15 197 1 1
295 247 11 14
131 4 19 22
228 44 5 29
295 270 2 3
60 148 8 3
268 80 13 3
244 37 5 11
127 281 20 5
153 50 15 23
155 254 4 6
122 280 14 41
125 193 14 6
197 195 15 9
191 203 16 3
237 3 17 13
166 152 18 27
64 288 11 38
272 237 18 3
266 259 19 21
119 190 7 20
193 110 13 13
292 274 7 31
182 152 10 12
289 38 20 25
82 248 13 38
27 106 4 13
100 223 2 52
40 15 5 21
88 107 10 5
42 298 13 14
179 253 2 42
6 54 17 23
264 277 4 34
266 283 12 43
160 235 12 19
254 90 9 16
158 225 8 4
281 279 6 30
294 269 20 21
257 75 5 4
129 145 18 13
149 183 20 21
137 271 6 1
298 144 2 9
160 190 20 13
63 102 8 1
180 102 13 3
206 123 10 4
12 60 6 3
69 145 18 28
191 108 18 28
257 258 10 63
104 56 14 38
51 144 11 14
105 260 15 1
115 235 2 6
279 249 17 34
27 225 2 53
275 259 19 1
282 175 19 14
27 38 5 36
185 298 15 44
242 61 12 46
115 183 9 4
68 15 10 2
272 114 16 26
16 51 4 23
230 266 13 2
258 121 19 49
211 294 15 61
283 156 7 33
141 178 7 11
132 37 6 28
206 277 1 52
294 293 3 11
251 168 9 25
70 179 1 6
186 204 12 40
143 291 8 37
141 263 4 27
276 298 1 18
187 217 9 32
89 247 7 14
50 169 19 2
211 185 19 23
176 47 18 20
173 248 16 16
288 271 1 22
292 268 3 6
84 267 16 47
253 120 16 5
289 84 2 1
4 293 4 14
133 208 10 42
75 204 3 3
58 115 13 28
69 237 3 7
288 112 10 8
147 120 2 45
71 90 16 12
75 215 19 1
203 126 11 53
48 132 20 20
296 120 17 31
226 195 5 18
10 87 13 34
68 157 8 36
39 272 4 27
245 8 17 5
288 246 12 5
263 230 17 11
13 109 8 5
13 106 4 40
142 200 13 62
105 243 12 39
62 106 1 1
212 49 5 15
11 246 4 2
218 204 19 9
191 91 19 50
247 130 17 12
225 90 20 20
175 227 15 25
91 119 7 4
129 74 18 29
154 234 4 23
256 163 17 18
53 209 3 14
53 69 20 29
166 262 3 1
217 8 12 20
83 228 11 5
29 150 20 19
152 229 15 5
124 71 20 12
46 213 19 10
39 118 12 3
52 48 6 25
52 157 5 13
5 227 10 39
77 22 17 3
75 22 9 17
155 151 2 15
240 269 12 13
208 221 15 12
149 77 8 53
246 106 16 12
269 151 8 54
299 68 3 17
121 27 4 19
95 23 18 34
25 161 17 25
123 70 3 37
148 149 8 1
252 179 9 4
101 277 4 51
45 106 18 40
20 222 8 24
183 4 6 41
247 204 2 11
165 296 19 31
224 262 19 35
32 151 4 4
94 57 15 4
131 87 3 2
9 280 2 14
292 297 14 17
56 27 2 9
157 155 8 2
118 206 3 5
27 13 20 5
268 139 20 24
252 109 18 16
261 150 16 2
3 104 3 15
285 221 16 28
260 195 9 3
5 92 8 51
59 251 19 24
283 68 1 15
225 224 16 7
252 229 4 13
105 290 14 60
231 87 7 22
165 273 8 23
226 211 19 6
195 18 13 31
118 95 15 20
245 171 3 15
57 61 19 13
150 146 6 12
3 264 10 36
137 139 10 5
291 247 10 9
156 138 19 26
100 156 14 36
126 264 13 25
200 284 10 2
14 42 14 7
109 5 2 47
167 208 9 7
287 233 10 37
83 60 3 15
293 92 20 30
251 33 20 2
202 11 14 39
67 169 18 8
235 130 6 30
155 226 16 11
2 118 18 5
282 154 14 2
213 207 1 39
288 58 4 19
180 92 20 15
258 264 10 42
279 207 1 31
182 293 16 31
1 150 13 30
190 140 2 3
190 95 20 4
108 126 5 28
182 298 4 26
7 103 10 1
270 107 6 21
252 138 2 1
49 289 7 10
39 101 2 62
155 220 11 2
18 30 9 10
85 239 19 14
184 238 13 5
134 294 1 11
240 241 8 36
17 176 7 35
59 43 8 13
107 216 19 19
91 222 12 58
158 205 4 7
146 112 18 6
128 77 16 21
141 212 18 11
202 54 12 29
299 289 5 15
203 2 18 50
166 165 3 3
94 131 1 4
179 73 15 5
143 78 8 1
211 166 11 26
265 275 5 15
78 171 3 14
131 130 2 13
193 94 19 40
85 295 12 18
233 296 17 12
123 156 18 14
12 193 12 3
160 24 6 9
284 84 14 5
56 84 1 21
169 8 4 15
12 24 7 20
40 159 15 12
196 260 9 11
199 287 18 22
29 292 19 5
172 261 3 10
44 87 8 27
53 39 11 6
229 290 1 10
205 135 4 7
165 253 15 5
241 214 14 21
100 123 14 22
66 162 13 4
189 133 11 4
190 18 6 12
164 229 5 44
167 78 19 10
6 239 1 20
121 100 14 14
107 160 8 16
289 61 16 11
90 178 16 11
184 299 20 4
28 179 3 3
82 16 16 24
298 93 10 2
274 53 7 11
209 225 16 14
208 153 18 25
275 284 9 32
262 294 19 34
180 164 10 2
202 245 12 13
245 51 3 11
143 210 4 28
263 94 1 3
1 64 14 2
133 139 1 45
202 192 15 16
226 66 7 13
52 250 5 37
243 234 13 21
265 230 20 45
59 141 12 5
11 139 6 23
121 256 18 14
159 138 10 51
216 142 2 11
218 48 1 13
34 138 9 15
161 237 18 19
65 299 1 42
160 115 8 13
259 28 2 23
249 104 15 6
155 73 10 14
250 3 7 46
174 122 3 4
18 61 17 1
198 236 13 4
64 202 4 2
235 136 20 13
238 134 12 11
178 41 11 14
15 38 15 21
133 233 16 51
145 126 16 3
216 153 15 11
14 188 12 14
268 67 7 13
238 164 10 14
136 247 4 5
180 224 3 3
155 13 16 16
279 190 14 54
71 249 19 53
291 136 10 4
293 32 16 4
214 175 6 9
48 2 1 14
74 58 5 25
113 3 12 2
125 143 17 5
157 86 15 5
204 26 2 4
296 255 13 30
175 269 9 17
50 25 1 16
148 141 5 7
264 55 11 39
219 116 7 5
64 43 20 36
18 147 4 3
231 210 18 3
107 10 9 20
56 100 4 4
106 221 18 15
1 177 6 4
270 33 18 14
18 152 3 10
195 185 4 11
140 28 1 29
239 287 16 5
142 94 13 18
173 128 9 3
29 175 5 12
86 174 13 15
226 102 15 9
4 132 4 14
215 53 10 15
110 128 16 33
144 122 2 5
236 43 8 29
167 187 19 20
186 244 4 24
54 112 6 15
46 132 4 5
267 18 20 52
262 214 1 29
158 138 6 8
291 263 18 1
189 268 18 25
125 208 8 3
27 156 18 31
158 90 16 24
9 151 18 28
69 15 14 13
263 169 2 10
198 150 16 25
82 275 3 15
21 255 15 11
161 265 8 2
55 296 18 14
186 212 7 5
74 274 6 13
107 103 8 25
141 98 5 27
46 265 11 13
19 92 14 24
41 162 16 12
15 280 11 14
285 9 11 12
286 179 3 16
114 264 3 26
55 179 13 47
234 178 18 45
11 138 15 14
274 116 12 25
236 6 6 1
128 176 4 5
284 157 16 42
229 296 12 2
72 275 18 23
6 112 6 38
263 8 20 25
222 158 15 48
10 98 14 25
15 156 14 16
223 117 11 30
37 258 3 4
118 101 3 6
203 119 6 51
53 101 20 14
87 257 3 3
179 260 11 17
232 221 16 13
244 191 18 33
60 44 20 19
34 233 7 45
262 32 5 49
139 291 18 36
272 81 13 1
297 43 3 5
86 260 3 23
262 61 3 17
79 175 8 2
242 240 15 1
6 288 11 30
143 89 18 32
53 191 19 4
97 137 15 46
284 63 16 4
275 222 4 26
210 89 3 4
202 97 8 11
16 229 7 14
110 186 8 3
112 79 9 13
186 52 14 19
196 114 12 46
51 203 15 8
159 179 12 54
173 218 13 4
243 255 18 43
215 191 16 19
268 125 7 18
141 136 9 30
135 154 3 50
135 18 17 48
148 232 5 20
94 173 2 3
126 266 10 6
229 9 18 50
168 142 17 14
171 266 16 9
108 37 12 7
47 108 18 30
204 285 8 14
64 239 20 28
286 157 7 5
68 225 10 40
182 18 9 2
32 120 4 15
116 153 12 16
148 160 8 5
46 2 5 51
36 219 2 5
96 284 11 36
229 188 4 42
220 13 18 14
221 300 11 30
202 74 3 30
211 109 19 4
72 42 1 3
91 72 12 9
103 153 8 5
299 49 20 5
27 15 13 15
98 217 18 5
174 151 18 1
27 163 7 13
287 125 20 25
113 99 6 45
42 56 19 36
155 86 18 3
197 165 13 26
158 179 13 11
3 181 5 4
172 12 15 5
76 178 16 3
249 56 6 44
119 65 10 7
244 113 10 5
78 187 19 10
45 294 5 62
174 194 6 48
129 43 4 33
126 65 8 5
70 105 5 22
250 71 17 2
86 90 20 19
79 285 11 33
88 67 20 2
208 291 1 9
298 194 2 5
42 40 8 39
56 23 7 14
153 263 14 15
227 41 2 37
256 123 6 22
275 100 4 20
238 27 15 3
147 229 13 12
50 2 12 12
7 115 14 5
64 146 20 40
106 175 19 26
253 269 1 48
104 222 1 48
226 242 12 4
135 109 20 9
22 209 5 13
205 211 12 12
11 80 20 2
82 8 18 41
92 300 16 52
34 251 13 22
209 213 15 2
3 65 11 16
254 294 8 15
271 141 6 14
224 260 9 17
275 286 10 14
130 248 3 2
270 40 7 15
96 100 2 24
163 90 18 5
177 58 11 45
18 154 6 2
224 106 17 47
10 173 5 31
197 185 8 20
150 58 2 29
243 294 3 14
286 13 15 23
24 178 13 12
193 15 17 14
176 4 13 15
157 226 10 13
96 159 14 35
298 178 9 46
277 70 12 46
56 109 2 12
101 96 13 14
176 69 17 47
43 288 17 2
47 279 2 22
28 205 13 2
199 54 5 20
271 219 3 5
155 205 15 5
232 52 16 12
130 71 20 17
64 100 17 13
69 108 4 3
200 138 4 12
161 69 14 12
254 185 20 34
226 197 3 9
144 178 7 37
30 92 8 49
167 10 12 22
68 252 9 43
148 130 19 54
15 13 17 52
294 31 16 25
214 178 15 2
35 7 13 18
181 95 14 29
297 83 1 18
242 194 13 11
264 27 8 26
126 104 4 4
280 221 20 2
58 137 5 2
7 44 14 3
150 288 14 10
259 156 12 1
6 149 10 6
48 181 14 3
49 84 12 11
108 181 1 21
53 37 2 39
111 37 6 4
261 297 14 5
299 28 2 3
93 66 12 13
107 271 2 4
73 90 2 8
291 87 1 10
31 227 2 4
285 194 14 29
246 112 16 3
229 255 5 32
293 122 3 9
281 38 10 15
175 122 19 16
145 214 9 11
95 184 5 21
233 216 14 5
66 300 4 4
274 251 1 2
132 269 14 12
31 194 17 39
53 111 15 35
241 255 2 2
71 14 5 3
40 55 5 19
95 284 13 36
214 41 1 4
143 110 13 14
196 200 2 2
79 93 17 6
122 151 2 55
197 105 2 5
203 181 10 46
147 269 6 36
262 154 10 18
114 72 12 4
158 211 8 19
119 238 12 5
229 174 13 19
156 38 20 5
120 280 11 31
146 137 11 19
93 269 19 13
97 266 10 12
17 170 11 5
26 2 11 4
22 69 1 28
286 31 19 15
79 144 3 13
22 181 19 1
168 180 4 1
249 252 19 11
136 204 9 16
12 44 1 22
199 114 17 13
114 42 19 7
212 16 17 24
297 271 10 29
20 184 19 15
23 253 16 15
67 58 19 4
222 240 18 13
44 82 17 2
185 154 12 22
94 134 15 13
11 137 19 18
38 286 18 8
160 187 13 2
125 12 16 3
289 163 3 2
272 111 11 2
78 216 7 11
84 123 2 5
184 134 7 16
156 158 14 18
12 110 10 16
177 11 11 39
77 161 7 19
167 17 9 26
32 174 7 1
101 28 17 42
147 296 1 14
275 38 19 1
293 285 10 24
100 277 12 13
4 203 18 10
46 222 10 13
227 120 16 1
91 2 1 3
61 229 16 14
119 298 6 12
88 12 1 10
172 270 17 19
86 182 5 2
239 216 6 47
281 111 18 41
231 263 18 13
171 56 6 45
159 226 16 1
141 142 3 12
211 152 11 1
194 151 8 11
150 54 14 3
115 164 1 11
193 153 5 22
163 102 5 58
260 185 7 14
273 227 3 38
181 140 8 28
104 55 5 3
114 230 13 5
89 173 6 12
290 280 14 54
29 199 16 2
124 288 7 34
97 67 6 40
124 261 17 22
79 298 8 4
102 109 18 1
94 16 9 5
69 81 20 5
275 68 17 38
28 163 18 14
271 163 5 11
221 151 1 12
143 232 7 24
137 110 9 18
114 185 4 13
33 210 18 42
270 268 16 5
251 233 9 23
230 101 7 4
79 174 6 14
278 211 14 11
18 255 15 47
147 5 14 5
110 24 15 4
116 141 16 4
36 66 14 12
72 283 17 46
284 134 9 1
202 287 19 31
56 256 2 4
58 35 3 5
97 43 12 23
74 50 5 11
175 66 5 17
160 212 15 13
221 194 6 1
75 127 19 5
248 209 14 24
264 275 14 1
225 267 17 6
278 4 6 11
140 68 12 43
114 104 2 5
12 148 17 6
177 74 14 30
137 286 17 13
74 33 5 17
262 79 9 36
141 103 17 7
256 28 6 4
277 157 6 41
79 290 14 5
101 73 11 12
294 120 11 30
171 121 5 35
235 50 4 18
245 281 11 6
217 178 4 11
167 216 14 21
35 170 3 23
126 178 2 12
182 19 4 37
36 274 9 30
32 9 17 32
152 178 5 60
131 218 17 3
218 25 3 14
192 287 6 15
241 62 11 3
235 278 4 28
224 105 10 16
4 47 4 5
253 31 15 52
85 176 2 11
232 231 20 1
75 278 12 2
208 44 14 22
218 185 11 13
281 53 17 6
286 197 17 27
117 234 5 59
160 44 6 11
248 27 6 11
266 276 4 13
222 84 20 11
166 241 8 9
26 81 13 43
46 81 10 28
6 199 14 3
105 152 3 45
82 50 11 24
36 107 9 41
100 15 17 20
27 123 20 17
161 3 3 32
185 18 2 20
213 69 4 13
115 136 9 19
18 5 12 8
136 211 6 13
198 199 16 8
238 222 11 4
20 49 1 24
223 211 19 21
288 268 17 2
213 161 15 1
130 14 8 11
174 255 1 13
136 245 19 17
254 106 8 50
171 190 16 21
190 275 1 8
169 21 17 9
176 111 13 53
205 90 8 17
118 214 5 14
27 86 4 2
117 152 3 44
93 178 2 44
64 297 1 31
29 146 2 31
263 75 20 16
57 48 5 16
93 41 10 4
199 150 17 17
269 31 9 4
219 207 14 15
152 255 13 37
105 117 17 1
276 30 8 4
1 59 15 25
239 251 6 19
9 300 20 46
285 188 15 4
26 161 20 26
139 183 2 25
5 32 2 25
6 43 13 28
26 40 9 15
219 233 6 5
240 262 3 28
279 91 7 30
299 254 7 61
199 85 19 3
10 17 6 4
81 56 9 1
77 69 1 31
77 256 11 12
136 77 13 27
288 49 6 14
4 209 11 17
102 30 16 50
138 182 11 52
3 19 10 12
69 119 18 29
132 196 20 2
64 59 14 23
205 13 5 11
182 269 7 41
235 98 8 10
128 245 10 11
135 242 9 3
89 52 9 4
226 260 14 15
20 277 9 31
21 213 13 29
48 71 14 14
282 253 17 1
77 47 6 4
295 107 1 24
233 168 17 2
32 92 10 26
81 195 12 13
152 79 16 10
57 75 14 9
139 153 15 22
75 276 4 15
39 111 15 29
113 253 4 13
146 274 11 5
250 99 3 18
121 299 18 15
93 188 7 31
55 123 14 4
291 156 20 14
249 20 3 30
51 108 5 33
170 291 11 15
83 167 19 5
89 49 1 15
23 159 1 1
156 286 8 13
212 215 7 33
87 26 4 14
99 279 12 3
134 73 7 2
58 125 10 1
235 131 14 17
96 283 13 27
118 56 5 40
278 8 1 7
104 284 11 1
171 256 6 49
106 293 14 33
219 110 5 12
35 17 17 18
103 27 3 12
52 87 3 11
78 186 5 16
211 147 2 46
184 40 13 2
177 270 2 33
124 29 18 5
268 228 17 14
192 34 5 7
112 116 2 24
292 36 4 1
121 152 16 11
153 136 13 18
286 158 5 5
115 128 3 25
259 286 4 11
258 65 10 22
276 227 8 41
18 93 11 26
49 23 8 4
213 3 2 33
70 138 13 3
220 254 1 4
281 99 7 27
88 228 9 3
36 246 4 28
105 166 11 18
191 81 16 30
52 244 8 5
183 157 18 11
266 275 2 20
16 248 15 14
10 110 2 1
95 222 11 30
175 19 11 13
210 181 1 15
37 181 14 14
175 293 4 7
142 75 9 31
186 57 9 28
24 183 19 8
66 227 11 8
206 299 7 40
262 174 12 50
44 232 11 4
117 147 18 37
75 245 11 4
264 240 5 12
236 268 13 30
150 40 12 14
93 300 18 1
177 297 7 9
223 185 19 44
95 55 18 42
171 14 6 2
45 262 15 28
5 273 9 1
248 48 15 1
127 213 15 27
247 161 19 41
256 138 3 62
38 220 5 17
256 27 16 5
198 54 20 28
190 238 9 30
254 242 10 9
173 157 18 15
166 234 15 42
98 278 4 18
192 59 3 5
43 11 4 5
104 42 15 2
293 194 8 53
211 90 12 5
242 166 6 28
111 126 4 25
230 256 19 42
47 18 12 12
176 21 18 5
290 66 13 14
43 146 14 4
38 157 11 13
294 92 11 41
61 120 5 47
163 105 3 1
138 260 9 20
94 247 11 5
28 300 11 14
205 243 14 59
2 249 3 1
169 132 7 33
263 16 17 8
225 260 7 24
265 264 19 3
189 288 1 23
156 13 3 36
208 235 5 30
279 3 4 25
122 76 20 29
213 2 8 41
129 251 8 44
218 257 19 2
2 72 9 6
162 300 16 15
268 3 8 15
200 100 15 1
205 226 12 6
212 75 11 32
149 186 20 12
191 39 11 2
225 252 20 3
208 216 2 14
224 135 18 3
54 74 3 1
37 190 13 39
217 50 17 3
12 40 18 15
39 258 5 37
75 161 13 33
39 126 9 54
168 44 10 11
270 83 7 14
139 187 2 10
205 267 10 3
294 79 19 2
95 109 13 13
208 98 15 40
59 261 11 3
55 252 12 43
49 286 17 43
8 4 10 4
250 84 14 14
271 139 17 4
11 274 8 4
179 241 8 43
127 95 3 11
89 16 7 14
4 51 17 2
113 26 19 15
85 251 11 33
31 280 12 36
168 135 14 11
148 44 10 16
230 190 1 14
45 90 9 6
2 101 17 11
277 31 14 11
57 247 14 1
296 31 17 26
22 46 2 5
178 280 1 9
133 290 7 13
234 144 8 8
207 158 4 15
250 37 13 36
83 8 18 13
44 260 8 11
270 35 13 27
140 121 6 11
241 243 2 12
195 166 18 14
198 109 2 14
90 61 17 39
146 44 10 43
155 252 18 5
91 207 13 1
2 162 20 15
156 135 11 32
185 241 1 12
243 175 8 18
292 34 7 11
135 234 3 12
118 184 6 41
74 251 18 15
189 105 16 14
151 300 11 18
