1000 7533
1 285 17 1
631 982 17 3
124 7 17 2
70 455 7 8
496 111 11 39
492 502 7 31
736 561 5 16
287 339 16 27
747 504 8 37
869 699 18 21
941 944 11 18
354 692 2 13
847 62 6 8
778 198 3 1
718 731 5 24
630 675 16 40
236 759 1 13
246 407 10 30
311 438 9 12
216 812 10 13
17 919 12 1
521 403 6 2
945 888 14 7
732 433 9 28
507 32 2 12
352 603 15 1
268 887 15 12
919 161 7 11
731 293 13 16
536 935 20 6
495 428 4 28
411 485 1 39
607 952 14 11
524 960 8 22
575 53 20 3
885 235 14 11
312 973 20 11
574 910 16 7
123 498 4 39
531 225 8 3
403 908 11 6
488 880 10 22
135 596 7 34
709 966 1 12
413 898 15 1
280 22 5 17
263 825 7 2
745 334 20 25
958 418 6 19
319 995 1 13
990 912 9 12
210 347 2 17
694 39 7 27
903 461 12 10
512 185 20 4
718 268 1 11
975 413 11 11
967 968 15 11
492 930 13 1
849 756 17 21
860 102 9 23
287 264 6 38
785 737 4 12
743 681 2 11
275 221 15 20
27 419 1 12
378 227 5 17
112 386 16 11
89 827 8 26
228 998 9 10
25 520 3 31
671 282 2 20
89 822 18 31
398 541 5 3
782 503 17 19
231 804 18 27
451 94 3 29
217 782 19 26
83 622 14 22
443 990 20 23
774 544 1 3
122 700 2 9
834 448 15 19
406 58 14 14
858 189 12 21
531 776 11 9
501 41 6 37
632 471 7 6
43 633 3 15
871 820 2 13
867 960 12 8
82 386 5 6
464 547 12 2
392 135 16 3
296 867 15 8
83 892 4 12
141 829 15 10
86 219 5 16
876 617 15 18
730 600 7 19
776 637 18 8
420 869 4 2
483 684 2 34
468 277 9 3
47 172 6 1
884 33 13 35
504 140 9 23
385 977 6 11
227 110 7 3
932 169 3 3
736 179 16 12
455 844 12 10
523 504 8 32
910 92 7 4
225 439 14 8
316 484 1 6
147 977 16 2
666 709 6 11
724 435 17 1
414 915 6 3
406 396 4 27
531 489 20 21
679 691 12 25
445 554 15 30
754 924 20 13
904 825 20 12
723 597 11 2
459 690 3 12
578 625 2 2
588 986 11 21
459 52 11 2
970 360 19 3
809 262 3 48
723 494 3 13
919 571 1 20
841 430 14 8
611 856 3 31
487 458 17 32
678 185 10 33
195 319 16 24
179 689 2 11
867 76 20 6
970 15 13 1
777 718 7 2
294 941 4 3
326 134 13 31
291 200 17 22
628 170 11 13
373 433 4 25
939 568 18 12
13 959 19 14
565 660 1 13
357 316 13 32
758 221 4 2
493 804 7 41
424 873 13 21
773 41 16 26
366 520 17 8
136 416 15 23
359 787 5 18
367 342 12 12
630 767 6 19
30 628 10 22
781 316 16 3
386 654 8 13
320 274 14 25
168 784 9 9
678 929 2 2
965 25 10 13
538 578 6 2
478 817 3 13
134 622 2 13
815 860 1 3
686 994 13 29
777 834 15 10
461 477 6 29
174 128 20 17
629 783 9 1
341 252 19 8
204 413 7 11
161 854 3 3
123 622 13 37
57 930 10 9
967 559 5 27
685 103 17 30
443 898 3 12
39 310 20 48
627 741 18 11
776 319 5 3
728 549 2 4
978 539 2 3
374 29 8 4
154 632 2 13
289 740 2 40
267 155 10 2
57 369 13 6
30 725 11 16
821 1000 10 13
410 258 19 27
691 294 8 33
579 376 17 30
889 606 7 12
166 524 3 40
626 881 2 3
514 139 11 31
639 400 8 36
473 160 18 11
361 764 8 16
477 795 16 13
955 294 13 34
954 296 15 32
960 412 18 3
969 331 9 34
142 230 12 30
164 172 5 40
554 468 7 18
93 899 3 14
789 33 16 1
710 867 10 8
29 88 18 6
381 413 3 52
488 778 13 24
783 435 4 11
618 992 15 13
421 441 20 37
973 953 3 10
922 759 14 13
815 55 6 20
511 873 20 2
845 180 13 42
131 775 6 3
951 818 4 3
453 548 10 13
840 710 7 9
520 426 15 14
13 603 16 11
752 160 6 25
348 946 3 5
954 81 2 35
533 50 3 29
959 821 20 2
885 990 8 28
520 844 3 15
854 35 2 4
454 119 5 2
661 278 15 20
565 594 3 2
335 305 12 3
370 28 10 13
266 727 14 37
12 308 18 40
489 9 19 5
316 81 5 13
517 978 9 21
181 575 13 3
406 861 15 20
652 152 18 2
956 819 12 39
268 403 6 3
182 403 19 7
99 314 9 16
974 139 18 12
22 481 20 1
579 562 18 14
53 413 6 35
905 609 11 6
166 840 20 37
720 884 9 33
787 151 19 23
884 278 4 19
653 472 15 10
806 427 1 4
724 683 16 2
910 593 19 15
182 660 2 2
965 518 8 3
61 772 2 17
537 895 11 34
193 296 6 17
956 529 10 20
721 666 1 13
211 237 9 1
867 170 19 20
188 732 14 3
565 317 18 13
702 746 11 15
348 894 10 2
967 545 18 18
488 532 9 2
346 409 20 8
57 638 14 2
199 414 20 23
695 599 2 1
37 235 3 3
280 71 12 28
180 1000 3 2
183 471 19 5
584 303 14 15
756 395 7 2
869 938 2 22
688 519 3 2
285 464 11 6
536 267 1 14
626 614 11 13
515 841 15 1
280 658 16 30
710 586 3 22
340 675 10 4
504 945 8 44
600 816 15 21
709 128 15 14
531 506 3 11
376 459 19 11
224 348 7 13
653 72 14 4
83 682 6 21
807 945 8 39
13 900 11 42
737 204 9 30
25 388 15 1
863 960 3 9
654 261 13 10
389 906 17 20
95 217 16 26
852 812 18 1
392 572 6 1
465 30 12 34
797 705 15 22
93 844 10 20
320 339 9 26
122 91 4 31
766 502 6 33
346 620 11 11
972 907 5 8
711 893 9 25
335 619 17 2
312 297 3 29
194 225 20 12
47 682 4 15
897 362 2 21
905 323 2 16
129 159 15 13
190 991 10 13
575 635 11 1
594 128 16 9
520 743 2 34
570 482 9 31
499 210 15 13
410 791 13 43
312 344 15 3
379 543 7 25
786 232 15 5
592 202 9 5
296 399 14 10
27 116 17 2
388 773 5 3
60 582 4 1
818 189 19 8
915 377 13 45
241 653 17 21
25 978 5 24
303 671 16 3
179 946 12 1
348 128 14 8
64 945 18 50
488 309 10 1
386 261 1 23
290 275 19 12
968 332 9 40
563 655 9 16
772 737 10 13
875 548 11 8
554 329 9 13
508 185 17 7
711 193 9 4
870 437 20 11
293 789 6 36
819 428 8 3
901 212 5 5
643 107 4 9
430 227 14 3
299 601 15 3
959 237 15 2
145 480 1 14
620 211 20 43
786 925 10 2
12 786 18 13
246 165 9 13
299 255 20 1
806 614 5 32
814 731 2 4
602 622 12 28
337 309 3 20
125 681 1 19
857 275 3 12
404 189 9 3
302 673 1 38
755 551 9 2
138 527 4 42
385 798 20 18
871 602 9 31
195 686 5 57
588 54 14 33
460 582 20 9
550 872 18 18
584 894 20 14
166 178 2 10
525 93 5 3
602 813 1 17
878 73 2 34
714 496 14 9
107 364 20 8
519 144 5 42
386 170 17 17
700 769 18 3
745 331 3 23
275 99 12 2
611 685 16 28
816 776 9 25
603 301 5 3
121 513 8 33
206 71 2 12
372 201 16 21
227 978 2 40
75 193 15 49
824 750 17 35
844 440 9 43
769 864 14 2
452 150 2 13
873 132 1 2
130 851 13 8
9 183 6 4
979 725 20 12
268 170 12 2
347 31 3 12
954 665 2 16
680 780 20 30
748 984 10 11
736 837 11 18
815 727 7 41
874 714 11 1
267 452 13 28
394 927 19 12
969 618 15 4
335 143 13 4
949 387 6 12
95 693 19 24
853 424 1 8
555 827 10 32
672 699 20 26
48 513 2 3
870 76 10 3
619 359 2 2
333 420 1 27
473 810 9 2
235 991 19 30
924 442 16 45
243 155 10 15
703 929 11 10
711 543 12 1
877 11 14 31
183 252 10 1
978 308 11 4
850 965 6 39
131 881 14 40
851 591 18 34
850 311 6 2
307 896 18 12
833 182 9 18
789 991 5 12
306 795 3 36
393 366 19 42
279 501 5 32
587 728 4 7
926 932 15 43
211 634 5 14
746 950 14 23
130 95 5 21
826 530 5 1
852 69 14 20
45 503 10 25
454 417 4 38
993 201 18 35
805 527 3 25
926 651 4 19
965 388 10 14
557 151 8 9
646 525 1 9
141 414 7 12
756 924 5 13
736 822 16 13
621 827 18 2
235 55 8 19
476 946 13 15
449 708 14 14
166 362 10 11
453 782 9 2
338 453 7 15
154 608 14 11
880 780 3 27
738 139 3 30
315 223 18 15
441 501 11 3
104 962 2 11
240 172 1 22
342 612 5 6
28 857 15 20
414 537 7 3
947 755 6 11
64 824 15 17
473 313 9 1
674 348 12 4
494 756 20 36
580 576 16 4
218 327 1 21
405 976 11 43
849 558 4 31
794 715 18 27
305 381 10 25
489 62 19 21
203 813 7 30
332 414 16 9
127 40 19 10
717 330 19 13
39 460 19 45
356 424 2 13
395 592 16 21
460 288 11 18
661 990 12 34
323 138 13 1
676 326 18 7
848 792 1 29
577 867 5 12
594 5 4 11
635 87 1 3
437 472 4 16
264 954 12 13
242 329 5 12
286 105 12 3
302 976 8 37
761 482 9 13
569 679 6 39
435 92 17 1
665 122 6 9
144 955 1 4
687 207 17 11
313 603 8 1
49 175 17 1
531 629 12 5
135 166 6 29
162 844 8 26
754 722 16 8
962 131 18 3
747 279 1 14
279 48 3 14
281 724 13 28
681 528 5 11
541 832 10 6
246 206 3 39
151 214 1 13
369 326 2 16
548 68 10 40
723 236 14 18
915 788 17 43
245 796 20 7
802 646 7 14
49 751 4 1
9 498 18 11
628 713 6 27
807 836 4 3
649 897 1 2
625 715 2 7
31 804 13 3
707 491 2 11
986 468 14 2
305 792 14 16
671 436 10 1
125 233 8 6
441 12 20 8
732 920 2 6
782 434 13 25
423 949 19 19
914 889 13 35
562 670 12 9
207 970 6 28
401 681 11 3
406 522 3 20
404 25 13 30
773 316 2 19
794 61 8 40
96 789 14 1
485 381 5 7
769 999 15 16
758 550 2 2
176 122 14 44
154 790 8 16
444 371 20 28
200 505 14 13
986 731 5 12
399 999 12 11
118 728 10 18
344 602 14 10
252 674 20 19
674 762 18 6
127 259 6 3
19 165 16 22
325 712 14 6
672 179 20 11
98 752 4 12
451 862 14 5
181 838 20 12
46 520 15 7
169 556 9 5
321 691 1 3
7 620 18 2
684 656 2 36
55 580 16 3
405 230 6 49
288 334 1 11
794 920 20 21
446 808 17 25
388 361 3 12
441 728 5 4
887 40 5 9
140 642 20 3
53 875 15 27
832 991 16 3
364 288 11 35
12 969 5 20
149 688 12 15
46 899 19 16
387 988 18 21
528 113 3 26
861 735 15 42
942 414 11 6
793 45 2 48
501 819 1 5
573 515 10 32
303 491 4 21
713 645 2 10
398 727 11 22
879 357 4 5
784 875 5 1
182 150 7 13
218 603 17 48
441 836 19 2
270 337 14 2
181 137 1 18
891 263 16 13
919 147 11 23
250 816 5 16
962 719 18 26
162 361 1 13
520 361 18 2
709 135 17 26
899 159 17 11
137 19 18 20
637 248 1 4
156 192 10 6
710 853 14 32
757 396 14 33
768 234 14 13
193 45 1 2
200 446 16 32
573 463 13 14
504 965 14 3
503 521 17 17
111 16 15 11
755 68 4 18
662 722 13 3
996 674 7 13
396 815 14 6
389 718 19 14
89 980 15 28
480 40 3 2
570 519 5 37
422 680 10 3
894 846 6 13
280 637 4 15
760 674 14 6
348 707 16 13
342 198 1 17
975 127 6 17
366 152 19 31
678 704 7 35
901 613 14 7
894 930 2 9
401 119 17 20
133 473 5 39
384 235 6 33
576 919 20 38
696 137 14 12
445 484 20 23
588 648 4 11
930 994 16 9
58 884 5 4
965 107 15 13
526 706 17 11
779 845 17 2
716 66 19 10
894 842 15 26
743 522 15 29
426 526 20 5
150 359 1 44
364 308 3 30
368 832 6 3
961 650 4 11
25 945 15 28
266 580 12 19
138 800 3 38
324 141 4 12
326 305 18 12
24 240 16 15
86 637 11 13
367 277 10 32
232 392 9 28
390 411 8 3
36 606 20 33
526 146 18 13
538 242 20 24
324 607 11 2
317 84 13 3
176 338 14 25
780 301 14 11
17 169 8 14
21 981 15 12
609 20 10 9
43 354 4 11
142 296 3 33
159 436 8 22
51 537 2 29
249 985 13 46
859 565 20 12
475 203 3 28
642 888 1 25
344 503 13 13
364 855 18 17
845 551 3 30
874 96 10 10
275 159 1 18
989 453 5 23
667 709 9 3
181 187 20 19
285 891 15 26
882 90 5 8
389 10 11 29
985 238 17 2
870 202 6 15
131 767 14 4
323 511 3 5
667 380 12 9
73 937 5 25
928 199 12 8
775 791 9 5
657 886 8 11
379 32 4 30
272 525 7 15
158 591 8 13
526 720 9 9
103 371 10 28
29 89 1 47
637 758 3 22
71 790 18 2
608 328 2 21
117 990 12 1
685 396 8 1
125 249 8 5
253 543 15 26
647 877 7 46
625 161 5 30
907 968 13 28
61 212 11 19
189 642 6 37
766 240 6 23
546 616 6 12
353 673 13 29
710 268 7 26
341 963 11 8
188 920 5 9
214 1000 5 2
504 388 6 17
800 258 16 49
392 172 3 36
176 697 9 14
936 139 7 48
175 621 3 52
858 807 19 37
186 43 18 23
865 73 14 33
727 917 7 5
968 680 1 11
951 388 7 9
302 379 14 1
13 442 10 12
519 964 18 36
218 165 5 2
346 350 17 3
228 799 17 7
693 800 17 12
462 603 3 13
273 919 3 17
270 268 17 13
253 115 14 1
254 277 15 12
288 554 17 3
101 639 16 15
638 181 5 13
8 274 11 26
633 672 13 14
890 965 12 40
47 591 20 3
437 516 20 17
817 568 10 12
779 626 3 3
666 994 20 37
590 453 10 1
271 371 4 11
863 876 4 27
101 126 15 22
900 68 2 3
453 863 12 18
132 332 12 19
962 995 5 13
309 391 10 2
186 579 13 31
61 487 14 17
397 858 12 6
460 549 20 13
350 548 8 11
433 571 2 16
537 216 10 2
673 337 13 23
78 984 1 51
136 411 19 21
867 437 7 14
182 145 5 9
309 255 6 8
773 554 4 42
490 972 9 17
302 622 10 19
443 808 8 16
79 129 3 5
118 879 17 20
723 193 2 34
424 533 11 18
416 788 15 24
355 829 3 1
289 356 11 11
838 251 2 13
611 446 20 21
450 411 18 11
839 135 5 13
972 268 6 20
764 153 3 21
66 810 2 27
782 356 5 36
758 348 10 15
353 204 8 32
108 411 17 8
28 938 3 16
958 659 6 18
142 916 8 32
346 238 13 52
535 985 13 16
21 959 19 13
932 487 3 8
677 372 13 6
794 570 8 24
897 681 4 35
876 968 8 8
960 44 3 13
49 914 11 29
26 893 4 3
35 688 19 2
709 5 3 16
984 109 9 42
527 450 10 3
200 406 15 13
665 909 19 20
172 845 18 13
849 976 19 14
171 66 11 13
824 907 9 13
532 125 10 18
416 866 9 3
302 737 2 11
974 323 7 10
929 659 3 13
802 746 17 16
152 468 20 10
145 506 20 17
112 625 15 18
153 345 16 3
315 921 13 11
334 154 4 12
764 902 15 19
453 710 15 11
190 398 2 1
342 974 19 2
449 632 1 5
891 25 15 33
192 162 1 49
403 853 14 3
554 153 10 24
834 394 15 17
682 849 20 5
934 160 2 48
692 987 4 3
480 729 10 1
429 456 1 12
875 218 8 25
855 549 13 13
268 968 15 16
592 660 17 3
412 586 11 3
54 536 12 16
74 666 2 2
254 611 19 17
109 605 17 17
158 688 17 16
38 863 16 5
43 970 13 7
629 264 16 14
134 682 3 12
557 160 8 2
874 126 15 3
638 595 16 14
909 999 4 17
754 121 12 1
472 21 1 9
438 631 13 19
780 417 8 43
555 336 18 16
123 502 15 10
742 597 12 25
722 567 16 1
413 327 8 38
149 487 12 13
697 737 9 2
214 620 19 2
193 958 12 22
195 154 15 28
759 187 17 2
806 810 1 47
680 332 10 29
383 781 19 8
100 606 15 2
692 211 5 14
864 91 19 17
976 957 18 5
622 338 12 1
936 1000 13 11
660 729 18 22
694 64 12 25
694 113 3 12
142 756 11 31
354 160 5 40
723 166 15 5
60 834 7 25
495 430 16 18
436 739 5 12
289 441 3 38
774 104 3 2
168 812 15 50
271 282 17 12
626 87 8 42
179 705 11 18
761 262 9 12
856 963 10 12
658 545 11 20
518 740 19 2
968 323 6 12
863 76 9 7
543 438 13 3
671 24 5 10
928 100 20 12
336 679 11 13
181 627 2 36
393 824 1 14
957 916 11 3
138 943 15 42
970 882 9 3
754 48 14 31
813 693 13 1
367 902 1 33
610 502 11 23
31 514 16 11
425 805 14 3
125 363 17 20
368 451 4 15
699 92 4 14
477 221 19 33
775 619 19 34
966 608 16 18
63 689 12 27
162 770 16 12
829 276 13 15
556 215 5 8
685 856 4 3
715 49 10 4
290 799 19 10
242 878 6 2
71 68 20 11
154 967 13 18
812 690 5 45
198 527 4 38
465 863 20 12
628 715 9 10
906 880 7 11
400 599 3 36
972 499 1 3
778 635 15 11
506 249 10 11
227 879 9 2
939 340 19 5
53 716 13 4
900 160 2 1
169 482 8 3
858 404 2 18
624 9 7 12
102 373 16 18
299 245 17 8
571 360 11 29
549 774 18 11
407 782 4 11
273 932 2 27
871 24 18 7
444 188 17 15
914 964 1 37
540 578 3 16
642 517 18 3
30 435 6 11
688 947 17 22
556 688 11 2
612 680 9 5
527 68 17 12
519 79 11 25
324 208 4 8
581 186 4 9
680 796 13 4
803 447 11 15
321 960 19 13
506 65 19 3
280 439 12 9
795 823 1 3
646 39 13 24
344 983 13 2
325 853 7 7
893 437 15 18
110 157 1 35
425 681 20 4
490 982 2 16
545 839 12 9
195 481 9 32
834 243 1 33
621 144 19 19
567 811 12 10
673 204 11 3
712 53 20 11
45 524 16 9
630 886 5 11
596 134 5 1
414 98 14 3
103 940 16 6
642 753 4 13
144 670 7 6
89 16 2 30
51 823 2 23
105 615 2 37
412 592 19 2
272 421 16 3
905 424 20 2
198 328 4 31
689 205 11 27
247 100 16 11
396 990 8 24
167 547 14 3
340 442 15 45
45 631 7 17
978 563 4 13
548 615 20 41
660 309 7 11
383 361 4 11
228 644 12 19
34 69 5 33
751 645 5 22
387 901 5 13
856 789 9 23
705 47 10 30
714 733 18 9
364 291 6 31
496 505 6 3
875 180 6 44
672 663 18 33
115 453 15 34
661 483 18 23
670 401 4 11
402 260 5 14
662 858 16 3
369 846 15 7
769 268 13 21
643 515 20 1
500 949 7 15
639 54 20 17
172 596 7 1
204 577 9 1
541 184 14 8
670 868 10 27
775 456 11 13
272 694 17 3
230 973 19 21
558 182 18 14
783 610 7 12
972 863 20 1
833 999 19 17
158 914 16 17
159 63 19 3
546 814 15 13
511 425 2 10
364 507 1 27
640 739 2 2
337 349 10 3
371 932 12 24
729 233 9 14
903 630 15 11
943 852 15 39
261 40 16 13
587 437 19 13
972 999 2 15
561 636 3 4
520 389 19 5
66 755 10 43
793 32 6 48
118 64 20 2
481 644 13 11
971 131 2 11
676 983 12 15
299 506 17 6
723 617 11 13
289 114 6 34
580 29 18 16
37 860 2 5
872 689 19 10
232 148 2 13
672 228 6 34
335 759 14 3
224 232 16 2
919 761 1 3
865 466 8 1
189 773 4 31
634 300 8 13
201 55 10 30
698 681 12 22
97 955 6 4
646 643 10 25
66 106 7 3
943 552 14 19
140 46 11 17
50 68 5 12
210 817 9 19
786 766 14 24
79 16 18 4
434 72 2 16
358 637 17 3
921 606 12 28
446 304 5 17
711 38 1 23
64 836 20 14
260 307 16 13
646 746 16 2
666 427 18 11
589 117 13 1
94 569 7 1
313 838 6 46
466 961 1 12
150 759 3 40
109 619 11 30
768 729 8 7
995 113 18 35
210 261 16 12
661 815 18 16
973 712 14 13
542 13 12 3
638 312 11 23
715 581 11 19
636 912 20 43
29 17 18 25
117 452 4 8
6 750 15 34
505 532 4 12
273 570 14 2
530 479 15 13
574 228 10 5
513 307 10 12
588 993 19 21
244 894 8 12
643 364 11 27
272 39 19 30
104 22 8 33
991 949 19 24
985 821 17 11
826 405 15 18
595 197 18 40
940 578 11 15
155 580 17 24
726 438 11 19
41 546 7 17
339 857 12 1
178 524 8 30
754 785 8 34
672 339 16 30
356 127 10 10
428 426 11 24
863 268 1 19
479 236 2 23
533 981 2 1
834 979 3 12
939 13 16 38
868 904 10 12
184 158 18 39
778 780 18 25
202 488 5 8
994 705 11 2
310 308 9 10
305 340 14 39
307 181 12 1
111 541 15 19
17 387 1 3
370 290 13 33
492 66 18 11
17 703 2 19
456 113 16 38
741 992 4 2
577 182 19 26
552 792 13 32
199 823 8 20
888 821 11 13
266 735 1 25
681 921 5 24
778 233 5 2
698 873 1 10
221 268 3 11
835 92 14 28
518 945 4 38
958 960 10 11
536 884 12 2
334 440 5 35
389 2 2 12
679 970 7 2
384 398 3 51
715 175 6 5
773 60 20 29
420 195 16 7
164 276 14 4
286 575 6 16
64 107 16 22
455 757 7 32
829 179 19 2
947 458 2 8
817 306 16 8
612 966 9 3
472 4 17 18
420 281 19 7
562 320 10 11
392 610 14 1
941 637 6 2
252 324 2 3
8 80 8 26
363 98 11 20
314 174 19 6
77 778 13 10
923 508 12 14
878 43 8 36
983 297 19 24
465 29 11 52
1 802 12 2
241 999 7 14
226 473 13 1
526 733 18 21
778 911 1 36
489 159 13 18
285 140 17 13
981 332 11 23
735 625 12 17
988 458 19 27
938 910 7 9
828 130 18 9
931 372 17 7
721 713 5 9
172 490 15 31
948 42 17 28
948 965 6 42
577 91 9 28
336 508 15 21
970 79 16 1
238 350 9 2
512 376 16 22
252 797 20 23
177 885 10 25
877 838 1 44
534 987 7 11
684 977 10 49
135 813 15 37
334 902 17 14
921 886 7 49
543 193 3 3
656 262 14 3
311 587 11 37
864 907 8 7
961 771 17 17
144 69 3 11
941 263 5 11
75 307 16 12
515 140 10 25
789 420 7 11
328 551 14 12
378 527 20 13
707 392 14 4
247 246 1 1
866 377 17 23
720 372 15 17
329 416 15 13
102 623 9 12
508 633 5 2
700 81 2 1
692 139 1 16
198 535 9 30
479 784 19 12
985 788 6 32
149 613 10 17
495 364 18 35
987 300 16 38
188 727 3 3
361 931 3 36
594 640 14 18
363 238 3 33
110 7 11 13
254 177 1 17
287 481 6 39
847 780 17 12
355 689 12 14
305 825 16 7
426 714 12 17
548 180 1 36
2 40 16 20
540 623 9 10
731 235 20 34
397 566 7 2
404 698 17 11
614 87 19 29
72 968 1 10
914 52 19 12
69 791 7 2
986 296 10 13
135 253 5 29
34 792 11 25
811 633 1 12
451 651 14 11
4 425 3 13
954 767 15 11
134 204 2 35
607 925 4 4
36 915 12 2
108 87 6 12
401 431 13 36
151 692 19 44
146 396 5 38
523 495 19 21
863 434 2 9
902 522 16 26
168 675 20 37
937 97 18 2
274 228 16 5
226 180 10 33
839 676 18 10
810 165 4 13
16 704 1 10
722 48 15 23
337 72 4 17
607 786 17 2
126 96 3 7
697 916 6 36
314 380 7 15
453 976 6 2
284 768 10 15
819 134 14 12
292 725 1 13
415 442 6 1
596 45 5 26
36 984 14 23
890 769 15 12
902 267 7 36
830 503 13 12
273 385 20 31
9 763 20 1
714 814 2 8
48 518 9 15
80 469 20 6
3 423 5 16
935 467 6 28
916 972 7 7
9 593 4 3
316 101 14 9
67 407 9 39
650 689 12 12
813 726 18 2
806 133 18 6
28 319 20 23
998 708 5 16
283 869 14 19
950 195 4 11
788 53 5 37
533 332 4 24
950 728 19 13
730 882 5 15
661 830 13 1
144 320 10 8
41 559 2 11
55 832 2 8
325 653 20 3
117 55 5 3
302 453 17 35
374 623 17 3
320 28 1 7
87 237 9 1
828 602 17 36
334 243 19 37
179 84 9 9
112 570 9 22
208 686 2 3
191 875 14 26
490 840 9 2
124 258 13 25
353 706 17 6
665 753 13 19
762 610 4 16
955 312 5 12
656 555 6 3
982 972 6 1
647 218 18 56
512 655 5 19
564 245 16 3
743 856 12 38
158 656 17 8
22 998 6 3
767 381 13 3
520 455 6 5
231 113 3 3
392 83 8 29
296 973 4 18
773 899 5 36
405 379 2 7
288 652 1 9
903 246 14 10
516 19 17 13
80 941 10 8
260 42 12 12
474 627 14 2
737 45 4 20
493 692 6 3
83 172 16 7
449 134 18 13
876 245 5 16
531 749 19 20
181 787 10 39
639 111 15 53
367 899 1 5
91 649 18 12
956 643 9 22
451 242 16 26
793 921 5 11
277 153 9 3
237 634 15 13
399 270 13 3
332 942 10 3
351 10 5 29
572 47 10 34
26 952 14 62
556 508 2 34
72 245 7 18
373 920 7 3
428 455 5 35
722 529 7 27
665 499 20 25
2 342 20 15
324 437 20 13
81 182 6 19
575 191 18 4
535 36 20 3
124 696 8 2
45 558 9 23
516 817 5 2
649 20 3 17
721 432 6 6
822 376 4 25
792 924 5 23
576 500 2 13
827 458 3 3
607 221 20 5
580 794 10 3
380 671 18 6
179 203 1 23
245 257 11 11
842 494 4 29
99 759 17 13
560 33 14 20
615 354 20 11
226 105 18 1
659 845 20 13
645 487 4 3
349 968 15 24
339 635 5 13
498 849 10 2
985 124 4 12
217 954 10 3
744 168 11 24
848 924 3 52
931 239 19 2
113 821 16 25
630 792 19 13
512 246 10 14
247 195 16 10
518 366 7 33
329 417 17 26
104 71 9 44
584 797 19 12
598 417 9 13
509 356 15 13
864 876 13 27
524 631 19 8
560 979 20 25
563 636 1 1
747 421 18 6
279 819 9 37
34 181 17 45
527 630 11 38
338 840 3 17
940 371 15 22
918 496 17 19
246 776 7 30
959 139 12 1
204 870 16 16
801 881 11 12
423 387 6 31
534 430 19 37
825 209 20 3
740 70 16 26
878 613 5 19
630 806 9 33
549 239 8 33
522 885 16 3
734 330 6 6
569 901 11 10
436 930 1 4
753 972 20 3
444 29 1 16
443 398 3 24
336 837 10 26
97 287 18 7
428 30 7 13
983 693 20 26
96 235 19 37
396 157 12 25
641 343 8 18
608 98 7 25
777 597 11 13
276 842 14 11
96 883 16 26
463 441 12 26
293 589 5 33
953 649 16 8
849 711 16 2
949 703 7 28
505 935 8 22
44 831 13 2
880 984 11 59
936 668 2 13
18 564 17 22
140 969 4 11
343 628 12 3
548 301 9 1
505 641 16 3
266 562 6 12
466 73 10 32
177 536 2 18
922 53 18 2
252 668 13 12
58 815 11 19
921 852 17 39
116 443 2 12
263 133 11 37
703 15 2 29
742 217 3 39
669 731 16 26
768 795 17 46
93 368 11 13
22 471 5 16
718 993 8 12
974 533 9 14
484 929 4 11
820 47 3 30
746 951 10 4
625 949 12 9
332 416 9 31
939 759 11 19
342 601 1 3
77 681 10 25
90 497 19 8
156 773 19 39
228 183 11 18
708 355 7 17
859 158 12 47
810 568 3 32
681 454 13 15
661 883 10 6
624 60 4 17
993 589 14 2
228 213 12 10
66 214 14 2
170 77 16 20
26 833 14 3
571 798 20 12
570 375 18 23
192 428 11 30
5 610 13 8
413 620 9 36
698 533 9 7
212 970 8 26
989 553 10 36
69 635 6 16
440 243 16 2
20 880 14 3
515 162 2 38
67 225 14 33
495 879 10 23
63 476 6 2
217 606 7 11
691 339 16 29
233 417 6 13
449 996 18 13
293 400 17 3
164 479 16 26
124 340 17 3
858 951 8 10
479 801 11 1
639 146 19 6
862 149 10 25
691 663 18 32
314 57 5 17
956 504 10 25
767 493 13 49
734 478 10 6
358 658 7 18
118 719 5 13
416 984 10 2
862 158 4 24
973 975 18 2
830 541 6 37
446 990 15 32
583 423 20 2
714 861 1 32
193 590 13 5
536 861 9 4
479 602 19 1
602 32 18 40
476 871 8 19
1 702 14 3
58 798 11 11
986 814 15 8
898 327 7 37
247 264 15 41
598 676 20 23
398 452 10 6
588 844 17 5
290 941 3 6
847 708 11 4
820 197 6 36
589 717 6 10
799 222 20 25
799 593 19 10
883 103 16 33
163 623 7 40
18 744 14 13
831 719 17 11
689 172 3 38
758 707 20 28
498 230 5 22
157 979 4 6
225 92 14 15
874 10 6 4
68 634 6 1
816 939 17 12
542 181 6 24
108 630 2 32
521 564 11 20
718 733 11 21
759 619 4 2
679 600 12 9
291 254 7 16
677 217 8 12
481 9 18 6
963 847 14 3
352 52 9 9
756 91 6 26
132 191 13 11
743 757 6 3
444 451 5 17
891 501 11 26
141 846 2 23
802 85 14 3
905 148 6 20
747 48 1 28
773 969 3 14
961 676 17 25
563 574 20 39
855 669 15 23
857 748 16 11
349 51 18 47
983 848 20 13
4 928 9 4
989 706 6 3
686 475 13 8
229 894 19 19
880 805 18 16
125 100 20 18
323 332 1 28
597 253 10 3
506 805 10 24
395 537 9 11
36 788 1 45
252 847 8 3
513 428 5 23
360 508 8 3
150 647 5 25
372 37 11 29
397 48 9 29
938 941 9 10
56 194 6 6
384 446 8 18
390 898 19 11
76 437 12 8
786 946 7 21
475 994 8 21
885 120 19 12
30 625 16 25
105 620 18 32
250 246 20 11
984 160 15 13
587 750 9 3
527 305 10 35
25 351 12 26
81 907 18 11
42 378 4 4
743 239 4 6
713 212 14 15
342 249 15 17
324 686 7 11
473 838 3 47
667 317 12 19
397 662 7 3
979 112 4 3
678 579 20 21
758 961 2 7
824 539 15 42
203 302 1 22
139 1000 6 36
545 492 5 12
516 778 1 19
877 692 18 1
610 115 18 32
377 258 4 3
281 749 3 32
801 205 12 2
390 803 15 19
339 154 13 8
48 695 11 11
894 826 13 23
493 459 17 18
422 323 8 4
147 889 3 33
732 919 18 24
973 268 3 8
619 557 14 34
383 669 2 26
718 648 18 2
865 375 9 4
924 133 13 3
751 569 12 12
389 126 7 28
557 615 4 29
946 369 5 3
815 147 11 13
496 856 17 32
367 308 15 3
858 965 12 35
403 72 9 3
12 46 15 26
891 12 2 31
90 376 13 20
867 870 11 3
868 92 16 11
658 475 13 21
179 559 13 3
957 867 10 12
622 543 15 7
249 616 13 11
416 410 6 2
563 989 16 11
455 764 18 13
846 353 7 43
418 309 20 11
792 716 20 30
387 865 11 2
195 531 5 12
393 618 15 41
844 718 5 4
900 211 18 42
71 221 8 11
567 824 10 42
356 261 19 7
559 739 7 12
44 852 3 11
125 981 16 5
189 950 18 8
743 677 12 5
77 306 15 1
58 661 2 3
865 35 3 14
840 577 12 5
901 207 5 3
422 50 4 37
712 40 8 16
886 675 14 29
825 234 11 38
793 870 5 2
61 56 16 10
371 557 2 12
433 713 3 1
162 383 11 2
784 627 4 57
761 487 11 15
67 280 4 32
713 798 19 27
163 732 17 43
521 488 2 7
893 958 18 1
873 199 3 7
160 821 13 12
307 124 7 19
55 940 3 9
643 517 18 32
3 920 12 27
149 645 10 10
333 90 10 13
689 983 11 17
482 783 16 13
675 787 12 32
858 295 10 12
962 767 20 7
875 87 18 28
2 472 4 11
188 61 20 28
568 634 10 3
491 597 16 22
423 623 5 2
135 479 13 19
50 535 4 2
456 934 17 3
295 504 18 20
952 408 20 47
543 296 16 20
682 204 16 23
6 325 6 11
946 640 9 12
554 918 11 6
633 90 9 3
375 333 16 36
447 181 8 26
427 413 3 37
536 55 16 37
787 568 7 40
719 877 6 43
503 2 14 17
103 735 12 6
845 231 13 14
35 980 19 31
60 507 11 2
830 266 4 19
957 973 13 22
847 997 3 1
960 18 10 9
427 627 1 32
810 214 3 28
24 392 15 1
286 675 15 20
4 527 7 41
68 616 9 29
798 15 18 15
230 952 7 11
304 583 20 31
147 250 4 35
181 493 1 35
104 658 1 46
690 738 10 27
953 391 19 9
213 476 6 22
530 954 16 37
294 833 20 11
191 106 10 13
228 724 8 4
871 723 19 35
594 770 8 11
169 645 13 2
686 946 17 14
851 115 9 29
543 413 15 12
207 170 20 11
983 142 14 30
238 848 6 12
192 251 4 11
291 146 1 24
366 316 2 10
655 776 8 25
197 726 17 1
362 537 9 35
447 759 3 43
901 947 17 27
51 329 3 35
656 340 19 13
426 720 5 14
502 813 15 16
213 180 16 11
760 317 17 20
377 626 7 48
849 543 19 3
553 330 14 26
455 995 16 12
189 945 4 3
626 548 13 22
13 14 7 32
884 780 20 12
49 149 1 13
699 683 19 14
209 14 3 29
345 505 16 1
532 480 13 9
259 480 9 5
146 661 3 28
782 553 8 11
913 263 10 52
665 631 11 18
323 218 5 11
669 496 6 23
657 646 8 14
72 20 7 21
281 477 9 20
299 729 14 4
353 909 8 41
367 714 14 27
639 177 8 15
481 997 12 15
417 258 15 16
699 407 16 5
203 178 5 32
379 873 9 11
140 517 13 6
912 358 6 2
683 449 12 6
498 411 6 11
733 884 19 21
227 6 4 2
753 330 8 25
674 84 19 17
472 65 7 13
748 78 4 19
39 162 17 40
798 730 6 2
235 271 9 39
228 481 17 8
679 843 18 9
439 219 20 9
52 214 6 20
189 991 17 12
9 658 4 6
549 764 9 11
321 281 13 12
538 967 16 12
525 6 7 31
791 473 10 55
861 860 11 16
805 552 14 44
365 63 16 23
855 718 9 25
429 416 5 1
501 445 10 23
466 556 14 13
9 252 12 5
648 277 3 15
163 509 2 23
921 413 18 11
178 142 17 3
576 158 4 42
949 556 20 28
655 912 2 28
732 713 4 29
457 921 3 37
861 328 14 11
172 954 10 10
3 444 2 3
33 832 13 8
852 413 11 13
501 25 11 7
395 23 7 13
37 839 20 11
866 542 12 28
542 767 18 10
80 339 2 1
80 776 18 2
960 478 12 12
349 127 1 19
564 249 19 12
625 375 20 27
439 941 14 4
341 658 10 9
302 122 5 39
29 56 8 37
557 603 5 2
561 97 6 9
722 441 7 38
762 650 14 1
295 428 20 7
863 403 11 22
388 278 1 12
922 66 11 16
84 83 9 33
349 653 8 10
205 673 15 45
431 606 11 19
492 302 18 39
448 465 10 17
116 189 9 27
671 124 7 11
15 247 14 21
991 623 19 7
92 658 15 14
952 211 6 11
164 205 15 29
642 484 13 29
475 492 19 11
43 903 4 20
446 935 5 3
317 240 10 21
946 820 11 17
447 359 9 47
982 499 3 4
880 535 8 33
217 236 1 2
743 177 2 7
906 546 20 1
337 516 11 24
584 174 13 3
181 340 2 3
893 975 17 16
150 792 11 3
775 626 2 34
830 861 8 2
908 127 19 2
552 939 11 50
683 758 14 21
937 287 11 9
308 906 11 18
715 949 12 2
320 319 12 30
505 163 4 31
977 360 16 24
270 434 2 3
674 565 4 1
560 338 2 12
617 795 18 33
566 495 4 25
413 995 6 44
862 570 2 5
763 324 11 7
784 939 15 19
115 134 9 5
909 972 19 2
748 911 10 49
736 220 2 2
678 333 9 18
115 178 5 9
346 196 11 2
665 870 6 27
361 239 12 38
105 218 1 13
834 58 16 30
373 371 20 7
265 954 11 13
793 958 20 1
585 82 16 58
193 840 15 8
178 217 14 1
887 985 7 13
149 477 19 11
793 204 20 2
349 77 14 30
430 963 17 12
704 195 12 17
310 526 1 22
133 877 2 42
169 613 15 9
335 924 7 42
193 191 9 12
147 79 9 24
422 795 16 35
390 542 12 36
837 80 16 40
141 380 3 8
792 696 4 26
670 280 8 22
879 316 8 37
340 614 18 29
410 485 10 35
710 337 11 15
563 420 14 13
785 965 15 9
223 456 1 12
214 752 13 33
103 452 14 2
438 122 1 10
487 863 20 13
213 324 16 12
290 480 11 11
729 414 12 45
331 468 3 12
729 328 13 44
560 486 13 39
388 455 17 25
340 31 19 14
487 571 12 2
558 960 3 8
339 294 17 4
343 371 3 11
728 824 3 1
958 437 2 17
140 364 3 1
19 413 7 3
759 881 11 5
221 638 18 17
884 267 3 12
310 546 14 29
273 56 20 28
247 724 20 38
346 943 11 42
475 839 2 8
3 799 17 13
53 787 12 33
337 586 1 7
790 667 11 13
427 19 9 34
548 568 12 38
253 197 19 9
642 351 16 26
523 965 1 35
395 700 19 2
219 159 19 19
612 698 5 3
844 420 1 13
202 2 7 1
47 313 13 11
901 970 18 31
653 77 19 20
117 112 10 11
562 672 8 7
235 580 1 22
119 848 3 29
30 88 3 24
294 469 5 1
568 752 4 29
786 141 2 8
138 608 12 14
4 148 5 2
795 535 18 4
218 87 10 3
209 456 1 43
767 605 10 20
653 488 5 6
313 151 13 16
722 16 5 13
899 288 17 3
778 315 1 28
536 37 7 15
88 175 10 13
633 765 20 18
837 376 2 20
298 686 9 7
117 940 10 12
773 140 19 3
349 817 16 23
986 400 8 31
199 223 6 33
377 605 2 35
742 47 19 31
889 629 15 39
623 569 12 32
538 721 17 19
187 936 2 1
355 57 1 1
621 477 15 53
270 362 17 46
704 776 10 38
942 895 13 43
759 557 20 36
366 93 13 3
303 930 20 8
695 163 18 1
472 255 8 5
54 243 10 17
639 136 2 11
818 140 15 42
568 256 4 3
454 606 12 37
391 516 5 2
154 963 20 15
147 633 11 31
651 600 19 11
596 214 17 11
730 16 14 17
700 325 17 23
260 388 19 40
971 53 16 35
190 509 19 3
184 721 14 31
410 286 3 40
534 965 2 33
901 186 1 1
805 411 19 39
822 869 5 21
574 683 10 11
469 786 6 25
631 753 9 1
799 594 4 34
535 485 18 61
456 514 18 9
519 633 1 32
814 733 15 1
640 127 17 13
76 659 2 9
906 277 8 11
133 105 9 39
784 131 15 3
664 17 14 29
26 909 16 3
675 548 12 34
970 980 14 3
547 39 5 31
862 56 14 31
456 251 3 23
410 575 12 3
73 43 3 2
23 346 1 42
585 498 17 28
659 202 12 3
573 171 7 29
182 908 5 13
801 585 3 2
554 669 15 2
357 517 12 12
35 613 10 4
173 405 17 2
834 345 11 15
750 254 5 25
941 644 17 16
9 632 15 3
297 711 20 18
885 483 1 17
558 131 10 12
96 396 10 30
413 14 2 27
538 169 19 36
507 777 17 13
976 577 5 5
366 484 3 16
939 922 15 6
332 390 19 26
938 998 11 17
331 153 16 18
171 965 6 8
297 756 20 37
359 352 1 25
589 184 17 14
352 211 2 2
926 761 7 36
120 603 14 1
116 523 12 6
485 716 3 28
999 413 8 11
575 626 13 16
708 380 11 16
653 974 14 16
551 668 2 22
541 368 9 3
632 71 6 1
996 57 17 19
494 353 15 1
890 573 3 3
510 746 10 17
424 346 10 15
107 308 6 38
49 433 8 12
128 253 15 41
873 414 3 30
956 378 19 18
736 672 2 29
120 151 5 11
814 155 8 36
391 729 20 9
250 281 16 20
796 804 12 11
892 178 11 1
332 223 12 19
625 61 7 20
284 729 8 22
229 565 5 14
795 537 20 9
387 321 7 12
112 684 19 13
726 673 19 28
440 815 11 18
355 930 20 10
265 167 4 1
190 166 20 12
110 235 15 17
902 935 16 28
508 964 2 6
587 618 17 35
442 838 17 44
911 943 9 3
754 402 14 3
25 539 9 37
405 916 20 51
450 305 3 32
370 531 12 24
231 668 12 38
742 820 17 1
808 725 6 26
915 335 3 35
220 497 2 24
607 894 2 20
808 599 16 11
512 763 5 62
329 113 4 11
205 297 5 14
305 630 5 3
814 505 17 4
421 587 18 34
164 597 2 33
859 878 13 46
77 795 15 37
91 403 1 5
922 719 2 1
448 396 5 24
198 100 16 13
381 234 9 20
793 756 4 3
819 162 2 22
564 132 17 16
689 591 17 40
4 98 9 38
445 308 14 22
28 477 19 19
249 942 6 26
808 500 5 29
637 71 14 13
337 973 10 3
19 877 20 10
666 128 18 25
118 378 9 1
109 696 13 17
697 756 13 35
178 989 3 2
681 238 8 34
768 346 7 16
499 434 9 7
427 696 16 2
915 340 10 2
988 636 3 36
733 396 4 30
939 234 1 11
962 109 11 10
913 527 4 12
462 566 20 3
487 360 10 31
239 54 9 3
266 576 17 23
685 292 7 31
601 778 11 13
52 354 7 38
375 947 1 34
515 601 16 13
631 412 3 17
618 588 18 19
49 89 1 29
477 314 15 31
696 218 2 52
62 674 20 8
14 354 5 25
97 274 17 33
839 491 11 17
940 727 13 12
203 353 12 31
235 278 3 3
248 314 17 18
700 975 10 18
812 209 10 19
896 542 17 34
731 448 5 3
393 396 1 11
801 217 6 20
822 250 7 6
187 898 16 23
759 105 14 28
956 785 19 19
652 239 13 19
213 222 20 22
964 91 1 12
822 246 7 17
665 524 4 10
60 468 14 31
545 846 8 17
146 731 3 11
269 339 18 38
164 913 13 11
457 943 14 37
130 115 19 37
375 186 15 8
679 458 7 6
785 364 19 30
275 933 11 12
359 936 8 53
341 9 4 3
653 876 15 6
249 238 1 48
894 595 15 16
783 904 19 13
650 276 16 14
233 425 17 9
455 549 17 2
799 252 10 12
522 201 2 3
290 22 5 10
817 609 3 3
157 872 16 11
550 598 4 7
526 757 19 18
712 306 15 18
82 734 20 17
291 394 15 36
578 466 19 26
146 560 16 44
582 468 18 30
959 752 10 3
806 626 17 19
544 407 12 22
604 755 15 13
717 374 19 9
996 708 5 1
630 825 9 4
417 803 2 1
304 467 12 14
119 606 5 35
287 724 11 35
377 719 20 34
715 385 18 26
80 857 17 2
826 83 1 21
513 965 20 9
796 51 16 8
312 379 11 23
525 965 18 22
46 855 20 1
341 622 11 13
481 252 14 11
313 877 7 2
488 649 5 2
44 905 13 9
335 825 16 10
534 463 17 10
782 734 17 31
788 181 13 31
868 252 2 24
464 891 20 20
991 170 20 12
990 29 18 21
940 188 16 9
500 53 17 13
746 956 1 1
96 935 8 25
77 981 12 11
268 44 19 3
57 742 7 19
64 529 11 1
710 553 5 2
8 19 3 11
429 886 16 34
612 995 10 13
521 72 16 5
310 202 7 13
226 327 1 35
666 638 15 21
627 209 7 3
207 16 12 33
251 752 20 3
383 308 6 16
10 235 19 43
670 80 19 27
755 804 5 13
456 995 4 3
980 872 17 11
147 660 13 12
170 887 3 10
22 996 20 18
757 551 12 12
88 569 3 25
972 349 11 12
933 456 10 11
800 630 14 42
59 358 12 41
696 812 10 14
927 110 11 4
272 513 18 28
829 872 8 3
358 124 2 13
222 797 3 10
883 452 4 35
58 157 1 38
81 23 1 10
584 355 1 13
746 118 7 18
368 732 14 16
825 415 1 1
28 812 13 13
787 557 7 14
30 917 13 25
36 168 5 46
316 455 20 3
731 550 3 11
862 322 14 24
255 511 20 16
153 239 8 1
677 177 10 2
494 490 8 27
757 883 16 29
387 207 9 16
992 616 13 3
680 78 8 11
608 50 4 18
309 382 15 6
464 981 19 12
81 412 18 16
881 354 19 11
342 681 16 31
932 73 8 27
943 690 5 13
136 329 13 10
286 627 15 49
310 781 19 2
763 786 13 11
336 512 11 24
54 267 4 30
658 63 3 10
109 415 16 3
385 929 7 14
758 584 19 3
293 110 19 1
991 371 18 20
643 162 6 39
699 654 8 11
141 317 8 18
511 233 8 1
790 174 7 13
50 223 19 14
597 622 12 22
680 880 3 3
179 130 20 9
153 372 9 6
734 18 1 3
855 945 8 3
87 214 19 14
953 306 8 21
421 114 20 33
410 852 19 21
905 198 18 21
23 532 3 23
148 527 10 39
317 123 2 21
828 282 11 22
638 771 13 5
415 959 8 3
434 488 7 18
725 570 18 13
483 112 15 21
435 749 10 3
191 257 2 1
307 109 1 3
443 641 14 27
163 486 7 41
670 765 17 2
88 713 20 25
769 659 15 18
43 79 3 8
275 475 5 32
41 918 15 22
60 351 11 3
1 754 15 4
94 851 1 11
847 996 20 3
503 91 11 14
218 237 6 11
416 784 2 34
931 37 7 36
391 259 5 3
810 528 10 47
434 268 14 10
396 267 18 3
854 571 6 6
800 792 12 2
446 166 12 13
877 231 16 1
909 44 18 25
182 831 8 9
607 63 9 6
657 171 14 37
711 499 2 30
210 100 17 50
317 689 2 5
919 865 1 4
804 821 10 13
24 676 10 1
432 385 18 12
111 467 4 14
626 812 2 1
255 981 6 16
989 700 19 36
154 365 20 3
589 789 13 3
86 469 13 9
957 26 6 5
947 497 19 23
451 51 4 13
719 459 13 48
336 129 6 21
155 887 16 11
583 273 8 14
682 543 7 8
883 541 17 32
49 207 10 26
99 471 9 12
125 332 3 28
638 128 20 4
571 980 16 29
894 530 9 24
845 13 6 1
581 385 3 7
711 438 9 4
638 892 19 1
449 141 8 22
654 564 14 23
308 899 1 2
991 433 13 38
473 442 15 3
992 301 8 3
889 461 1 13
4 136 15 34
88 756 19 11
229 57 17 19
792 427 7 24
145 40 18 16
224 128 2 21
382 447 15 11
175 555 9 22
199 363 5 6
307 474 6 49
508 187 13 12
415 87 9 14
639 243 17 34
117 184 18 13
161 282 13 11
842 240 11 3
701 14 18 12
196 414 11 34
936 804 17 2
942 985 18 20
302 711 3 25
371 262 1 29
368 644 15 12
939 427 1 6
588 709 15 13
523 6 9 4
281 531 10 12
10 406 14 9
737 870 6 46
469 298 20 25
307 779 12 20
558 434 7 8
698 199 2 17
896 53 20 2
98 124 3 23
226 459 16 9
792 791 14 10
669 394 8 27
207 798 17 14
664 656 10 42
85 295 18 19
822 636 5 7
958 863 10 2
457 552 6 2
571 914 12 1
968 233 16 18
647 187 4 17
136 223 14 11
360 600 20 4
207 678 18 8
542 635 9 28
209 231 15 10
975 472 12 18
489 593 1 8
380 762 8 2
950 107 7 19
779 881 17 2
64 969 4 40
260 811 19 2
56 929 20 17
437 418 14 2
917 175 19 12
430 728 15 3
717 623 10 12
590 893 1 16
43 497 5 26
150 886 17 1
957 69 10 13
975 391 4 17
439 998 9 11
16 321 14 15
491 95 5 10
497 319 14 37
506 78 6 16
305 886 2 14
807 41 10 41
356 151 17 13
927 440 7 2
96 278 3 40
595 123 11 13
316 546 11 24
218 11 11 21
361 367 11 2
373 88 19 1
567 818 9 12
187 352 12 27
57 306 10 12
536 789 18 36
881 459 13 31
569 543 13 13
874 986 5 1
237 300 12 26
185 869 9 14
177 266 9 39
231 603 4 1
235 860 14 2
649 768 16 3
739 602 16 21
128 602 19 32
305 143 2 1
120 218 6 7
58 990 20 37
824 426 5 50
826 892 14 33
822 185 1 7
493 900 9 43
182 261 7 12
915 784 20 2
719 690 20 2
809 715 12 21
411 924 15 1
408 866 20 6
670 8 6 1
246 80 15 28
514 354 15 2
852 133 14 38
287 28 8 8
234 456 6 3
286 924 15 16
621 837 20 12
214 327 9 4
641 583 17 12
29 373 16 5
836 445 11 24
371 715 18 2
585 395 9 1
649 533 14 22
250 531 7 32
798 144 18 32
888 496 11 36
326 176 7 20
691 892 10 12
356 506 3 21
800 803 10 34
925 961 16 6
671 128 13 2
339 637 5 9
613 678 1 4
154 324 16 18
480 51 20 20
276 530 11 9
792 187 17 39
494 726 7 2
523 430 3 39
902 531 9 11
863 437 7 15
82 182 12 17
400 752 12 12
180 514 18 14
631 973 17 16
855 526 3 25
331 931 2 17
434 202 12 10
434 933 9 35
163 483 8 9
283 8 11 17
519 730 4 12
913 408 18 25
168 738 15 13
861 725 18 50
763 298 4 11
995 838 15 7
309 52 14 11
233 952 16 3
149 678 4 21
814 304 14 40
424 78 2 24
815 832 4 28
898 804 9 34
509 112 7 7
97 670 6 6
608 238 16 38
775 767 3 1
425 915 7 25
194 571 3 3
613 827 10 25
31 620 2 1
650 892 1 3
410 606 3 10
567 587 12 34
753 337 9 12
203 83 20 19
32 524 4 9
613 16 17 29
589 271 7 24
858 534 1 2
675 557 4 46
514 738 8 1
593 667 5 16
529 627 17 12
530 693 11 32
298 475 8 15
89 613 3 1
658 666 12 5
968 748 13 3
384 470 17 32
745 484 9 10
455 874 15 25
376 776 15 22
519 929 20 6
391 922 17 11
257 877 12 40
243 883 1 6
58 589 17 35
140 460 16 18
178 122 15 29
220 124 6 13
630 168 16 3
453 553 7 13
781 604 2 1
843 461 9 16
22 967 18 15
406 384 11 1
244 636 9 26
884 55 16 35
487 79 9 29
360 338 1 13
396 979 6 31
595 134 3 37
822 124 4 13
184 273 10 18
577 972 18 10
348 326 2 24
76 887 17 24
721 17 3 3
896 109 12 47
719 881 4 17
372 861 9 18
777 526 11 2
601 125 10 9
203 95 12 7
528 634 7 40
595 338 5 51
686 179 5 13
930 302 9 38
839 392 19 10
409 119 12 27
76 905 16 24
777 648 8 4
162 588 18 21
381 66 19 31
466 220 14 36
665 386 13 27
912 904 5 7
419 903 1 18
971 133 10 35
348 871 18 9
545 436 1 9
856 3 12 24
65 78 2 13
7 151 20 2
659 284 5 1
195 28 7 1
885 576 19 37
338 122 19 19
421 463 12 11
72 974 4 12
402 792 7 13
475 900 16 11
376 280 7 15
53 812 7 14
375 679 15 36
909 182 13 18
750 276 20 13
199 608 8 1
991 538 6 11
261 966 1 17
220 129 4 11
912 637 4 5
85 463 13 19
219 261 6 12
765 145 10 12
514 821 13 1
630 788 2 2
341 62 6 19
149 215 11 21
144 321 12 2
447 474 19 5
17 61 11 2
643 773 17 23
688 600 17 33
968 346 16 13
996 709 11 11
905 21 20 9
80 489 1 14
570 35 9 33
4 942 19 29
39 642 20 30
842 115 18 22
479 197 7 19
825 812 14 49
23 905 9 25
728 310 6 34
575 787 16 36
992 151 7 13
928 315 1 26
487 621 14 27
199 535 14 21
55 625 5 26
378 624 15 39
646 501 9 37
790 565 6 19
250 109 8 11
351 484 9 3
200 37 3 44
246 574 19 28
313 251 5 2
578 482 9 37
520 316 9 2
510 740 4 51
790 74 1 3
543 870 3 31
927 536 12 3
583 538 8 8
134 45 11 25
555 579 1 32
943 417 9 29
699 439 20 7
779 187 2 2
933 409 13 12
647 52 19 2
370 86 5 28
147 215 6 3
119 187 8 12
776 912 1 3
758 62 11 3
928 527 6 37
794 574 7 11
590 26 7 13
794 17 14 38
643 504 15 3
17 194 17 18
733 384 19 4
355 766 4 7
100 119 11 18
36 377 2 47
629 439 5 6
619 120 9 32
442 11 7 31
13 165 17 24
466 772 15 13
390 962 14 39
602 379 12 10
291 526 4 11
278 717 18 22
203 723 1 17
770 553 19 7
384 884 12 17
683 799 8 1
225 699 18 1
54 661 14 17
998 341 5 1
868 405 6 12
278 583 10 30
925 707 2 27
366 507 18 12
404 495 18 3
871 742 3 12
319 248 17 9
515 428 11 19
94 385 9 10
955 92 14 40
304 589 12 13
970 16 2 5
228 471 12 23
810 603 5 1
787 456 2 43
605 875 14 27
386 23 18 2
411 286 20 44
656 621 7 33
352 936 19 28
497 339 7 33
904 925 19 21
739 197 8 39
112 715 10 25
878 35 18 15
403 792 11 11
170 255 4 15
702 646 18 13
127 66 2 13
99 63 6 19
239 384 10 4
937 247 20 6
788 447 17 5
521 968 19 15
250 195 6 20
888 546 19 22
50 328 1 3
629 683 19 13
656 385 13 2
132 50 18 24
507 484 11 4
747 404 13 23
645 914 7 6
557 354 1 40
543 490 15 9
876 306 11 15
722 891 6 15
99 252 10 8
357 460 8 24
855 781 18 5
203 842 16 1
402 547 13 2
839 654 6 13
341 847 5 11
816 274 19 23
207 822 11 34
593 644 12 2
525 417 12 13
214 301 13 34
154 481 13 4
682 590 9 16
305 924 15 39
27 404 2 26
460 70 10 3
317 164 15 3
229 665 17 12
920 273 13 1
961 817 13 11
537 335 17 35
601 608 15 24
137 151 5 44
413 810 19 6
330 299 17 14
180 256 5 5
24 723 6 28
250 225 17 35
645 207 7 3
623 721 11 23
605 627 13 30
261 480 10 11
260 836 3 31
891 430 10 24
624 899 15 24
885 163 20 8
461 294 18 33
352 256 19 36
11 603 9 27
942 411 19 26
320 407 15 27
25 517 13 13
939 133 5 8
789 735 15 10
591 590 6 28
87 568 15 18
179 492 3 6
104 228 20 26
41 334 18 24
711 867 18 29
414 335 9 38
89 129 16 31
791 187 2 29
197 682 20 9
129 600 16 1
553 182 19 20
545 946 18 7
441 186 3 12
480 506 7 3
623 149 3 32
381 548 14 52
687 169 9 6
681 363 17 1
223 866 9 15
700 418 11 22
741 106 7 43
196 218 1 12
587 93 1 9
589 190 18 2
492 130 1 3
250 67 4 2
640 326 6 7
386 853 18 21
676 609 20 12
137 231 13 31
209 251 5 1
291 626 20 13
922 675 8 3
573 525 5 15
975 908 7 15
394 372 10 1
164 676 6 4
672 420 4 3
446 815 17 14
937 760 2 12
436 842 8 21
469 314 15 26
806 696 7 6
648 639 5 5
293 935 6 6
34 675 5 1
725 271 17 3
767 191 17 21
503 654 5 14
45 69 9 12
675 875 5 26
210 472 13 16
225 783 6 3
324 355 16 21
554 764 20 3
730 512 18 21
927 789 13 39
999 127 4 16
976 296 9 9
290 683 12 9
522 820 7 13
569 336 15 26
840 558 7 17
13 473 18 9
686 689 5 24
156 171 5 14
267 457 5 11
693 438 1 20
109 427 19 15
837 28 9 22
448 256 3 12
512 964 7 3
159 689 17 30
812 415 3 27
227 824 9 1
76 908 12 21
254 54 8 19
535 216 13 7
186 129 18 36
141 610 5 26
910 904 19 5
762 842 16 26
226 120 6 7
297 211 20 11
125 414 7 37
930 530 3 15
883 990 16 28
483 3 12 13
39 618 16 42
1 121 18 5
470 808 14 11
31 493 11 18
815 541 19 22
322 214 4 12
303 282 8 23
8 783 15 25
194 35 17 1
321 672 20 2
530 813 6 31
556 264 1 12
681 429 12 39
550 476 8 3
715 149 18 17
242 482 8 15
772 15 19 29
343 538 1 2
795 143 14 48
686 987 14 11
590 840 19 3
379 142 9 12
25 760 17 12
976 415 13 12
153 909 8 11
525 618 1 2
420 629 12 24
621 129 6 7
240 108 14 11
332 780 13 1
364 246 9 13
854 882 3 35
927 560 14 20
221 174 9 4
325 887 2 13
364 652 19 44
3 273 17 28
633 420 16 17
686 930 5 20
58 103 2 42
19 548 6 3
576 715 19 26
851 379 12 29
405 197 6 15
588 927 12 46
188 917 16 8
163 763 6 11
611 443 2 30
500 371 6 11
942 315 10 1
635 804 15 3
378 517 20 36
474 647 14 23
504 162 7 36
762 828 19 2
846 302 20 34
577 38 5 6
185 281 7 19
671 871 13 3
110 522 9 3
198 50 2 28
636 691 7 10
856 589 20 20
364 554 15 38
985 377 18 34
425 98 1 25
608 848 16 50
120 256 3 31
948 344 7 11
448 267 3 27
398 599 3 3
945 334 7 26
54 117 13 50
65 805 3 21
467 541 7 5
854 220 4 27
256 160 9 51
364 888 8 27
573 587 18 37
912 724 15 4
637 997 4 18
654 233 19 36
233 943 14 37
951 921 8 12
951 879 20 34
405 122 19 45
451 538 7 2
148 812 4 11
56 796 20 12
397 378 20 31
354 528 14 1
255 251 6 12
418 347 6 15
218 68 11 23
473 934 16 40
872 317 3 5
573 643 5 31
413 180 10 36
88 919 12 20
356 299 2 15
446 117 7 31
767 614 11 46
750 520 7 1
718 611 8 22
683 221 5 23
723 697 5 14
876 422 17 16
358 749 13 6
719 473 8 40
311 858 16 2
844 254 3 9
124 779 11 1
458 376 18 27
931 861 6 25
21 457 6 13
890 393 8 34
419 679 7 3
323 952 13 9
502 752 13 11
775 286 2 2
613 813 18 11
52 180 10 22
953 145 11 3
771 317 9 1
317 69 2 13
138 329 10 45
719 787 3 34
233 328 9 30
904 489 10 2
373 255 15 13
994 543 17 55
897 775 4 13
918 986 14 10
878 482 11 13
372 278 13 35
551 528 14 29
351 301 8 12
577 558 7 12
610 135 15 2
783 941 2 9
999 953 15 7
220 843 3 12
308 677 17 32
950 41 5 9
540 949 20 27
415 256 19 35
201 209 9 13
287 274 11 26
93 945 10 2
441 773 3 14
793 590 11 51
582 714 11 28
639 677 20 13
980 670 1 21
158 482 13 12
295 48 20 11
931 884 5 23
573 260 3 11
741 1000 16 12
506 323 5 6
732 949 18 14
684 61 10 25
810 690 1 18
12 624 11 18
744 606 15 11
891 841 9 16
195 206 3 30
595 494 4 39
784 485 8 3
266 103 2 19
780 913 20 2
886 575 15 25
56 882 18 38
971 881 7 51
720 874 18 2
742 205 13 21
860 936 6 11
961 872 8 13
966 535 14 38
789 103 18 4
441 750 3 40
55 373 20 24
816 376 8 3
338 498 7 1
51 199 8 3
486 949 13 16
424 792 12 13
591 197 17 3
905 605 19 13
45 833 4 19
739 176 17 25
615 237 10 39
890 891 13 20
801 166 4 9
11 300 13 2
71 565 13 21
151 900 11 16
79 269 14 13
52 551 19 10
532 887 6 2
183 607 8 6
86 154 12 12
790 224 20 9
637 632 5 12
619 151 19 43
279 951 14 1
512 699 11 39
154 219 10 4
575 427 18 1
362 431 6 47
841 46 17 41
186 556 19 2
312 502 1 14
14 1000 15 11
317 826 10 15
652 254 15 3
988 929 20 5
436 976 13 13
551 456 3 17
513 517 15 35
263 181 18 31
915 542 14 50
427 875 12 29
572 216 3 13
461 469 8 34
572 597 10 28
174 491 15 33
411 305 12 21
234 413 12 32
781 152 9 24
427 605 6 2
645 970 10 31
829 559 19 5
443 979 16 30
24 826 8 9
986 384 18 13
818 879 9 31
127 564 7 10
826 712 18 11
8 206 16 37
652 303 9 13
296 427 16 11
58 541 20 41
673 386 16 19
253 966 12 13
298 268 4 13
770 769 10 10
235 398 8 18
582 639 15 23
140 93 13 19
159 475 20 14
632 298 20 9
42 883 13 11
219 963 13 11
352 11 11 33
512 320 17 17
370 358 14 38
120 557 3 2
262 129 15 37
858 463 16 12
797 128 9 8
981 409 5 4
25 310 20 28
528 1000 4 1
765 439 15 29
38 953 6 26
514 301 7 18
624 389 19 20
17 569 13 6
236 631 2 35
48 428 6 26
526 394 8 25
272 463 3 14
605 234 18 3
108 429 16 9
694 504 6 31
609 796 18 13
799 516 3 13
645 988 16 8
908 601 13 10
197 631 6 39
423 94 4 33
608 535 1 20
658 314 10 7
242 56 12 10
271 715 9 13
931 496 20 2
216 69 11 1
32 782 10 6
393 46 14 43
349 516 15 21
114 430 12 5
437 18 18 3
693 395 9 37
836 460 18 33
240 236 3 31
545 872 2 7
619 614 19 13
437 408 2 12
442 456 13 34
103 423 10 13
143 340 9 38
237 139 13 1
680 603 5 11
843 8 6 18
915 258 1 48
153 293 1 20
174 514 13 11
123 379 1 19
54 446 20 19
224 5 9 23
421 378 20 24
238 390 7 1
798 244 8 1
980 321 7 17
149 147 14 18
870 352 11 13
405 338 14 26
936 113 7 46
9 229 2 11
945 745 20 1
145 748 4 14
183 708 2 8
404 879 15 26
942 390 6 23
193 558 12 25
40 323 1 7
8 774 10 3
27 701 1 1
411 34 11 12
186 633 12 38
982 867 20 3
408 775 18 43
137 218 13 40
370 154 11 40
122 631 3 9
66 898 4 22
727 862 20 4
772 571 13 2
264 449 5 5
420 852 2 13
876 328 12 56
823 350 19 21
425 780 13 14
874 293 8 29
14 668 1 19
400 541 12 36
948 421 19 8
867 503 18 2
79 869 17 26
668 251 9 18
49 555 10 23
173 142 4 21
368 715 15 28
277 931 7 2
26 999 4 20
258 7 5 31
465 33 15 33
838 603 16 14
167 311 9 4
887 259 1 2
929 220 14 13
885 343 19 50
182 245 14 28
906 96 9 15
290 154 12 7
731 266 2 37
247 154 3 38
606 784 2 22
731 861 6 20
867 817 8 33
108 792 19 45
683 934 1 12
524 182 6 28
207 89 4 3
103 341 11 13
127 617 7 15
687 932 6 3
82 210 15 17
830 55 13 35
96 400 3 22
919 881 5 12
643 618 12 41
578 49 10 13
500 88 14 5
777 54 2 26
455 277 14 31
811 404 8 7
819 366 2 25
103 292 1 1
278 483 8 3
325 649 3 11
497 376 12 12
744 124 17 3
777 931 12 21
643 6 2 15
853 415 17 13
226 415 5 3
931 493 10 11
260 950 1 20
85 311 14 5
298 671 5 22
842 585 12 14
490 838 1 11
682 622 14 1
262 637 2 11
165 211 16 1
342 4 13 14
389 714 12 26
433 575 18 13
484 146 1 24
890 441 14 43
944 667 7 12
861 444 9 36
279 249 13 13
39 6 18 16
740 93 13 34
159 925 8 1
493 514 19 1
920 49 6 10
706 82 8 36
723 83 4 2
538 854 9 37
850 586 19 12
638 282 19 22
15 869 9 26
575 473 3 42
497 86 12 29
116 114 15 40
705 166 2 27
208 667 6 3
923 360 7 11
19 620 11 39
93 310 14 2
199 911 13 26
639 714 1 5
489 708 8 17
434 521 7 11
224 303 12 16
326 405 5 19
500 625 18 6
18 953 8 3
581 763 4 12
263 474 17 10
714 304 5 48
651 703 3 32
505 883 13 23
990 55 8 2
749 767 8 13
984 447 2 27
123 723 14 13
198 985 15 46
242 932 12 9
411 514 4 12
423 581 19 36
468 931 2 5
547 525 5 16
163 188 20 40
298 565 15 13
475 930 7 12
218 620 13 19
200 957 7 12
139 634 12 12
685 543 18 13
842 95 20 6
650 974 19 12
557 218 19 5
200 496 19 10
718 714 7 12
73 736 1 2
350 429 15 3
79 889 7 9
740 460 7 33
802 534 2 12
297 494 6 1
534 64 16 24
232 545 10 9
407 637 14 8
497 672 17 3
587 46 10 37
438 700 19 19
496 59 14 12
18 330 20 3
693 916 12 36
803 852 11 9
884 522 2 2
122 769 8 12
519 178 13 11
724 206 7 2
127 21 15 10
957 296 16 4
698 796 15 6
932 56 8 1
169 419 2 28
330 795 16 57
915 962 5 2
853 148 7 26
645 672 7 53
490 957 2 7
590 957 19 8
532 347 2 3
675 66 19 13
433 988 8 19
91 356 7 3
458 196 16 13
663 469 14 2
252 208 20 11
897 457 7 22
429 630 8 23
706 528 19 11
873 537 19 33
350 124 20 8
404 807 19 19
928 329 17 40
279 740 9 31
245 196 8 7
517 60 17 20
116 64 5 32
533 795 5 27
713 730 10 29
970 420 16 25
653 897 4 10
123 176 11 13
336 922 3 13
706 753 6 34
39 950 20 1
869 290 7 26
101 526 19 8
764 648 1 3
801 590 16 43
953 309 11 7
922 105 16 41
776 72 11 11
152 496 15 17
381 810 6 2
805 913 13 13
765 407 11 27
294 790 8 20
532 485 1 11
615 838 17 10
915 984 7 21
401 537 10 24
996 598 17 11
561 144 7 9
13 352 12 10
675 810 3 40
368 583 7 9
775 69 18 3
485 647 10 20
705 240 17 9
207 244 10 15
991 651 13 20
220 247 6 27
432 149 13 3
983 379 13 18
906 733 7 15
464 525 14 18
440 194 20 13
142 527 20 12
996 584 1 5
610 994 13 2
63 179 3 16
814 685 2 30
429 150 4 33
620 900 16 1
396 443 3 1
345 201 15 24
131 181 10 18
680 328 11 37
242 94 19 3
447 542 8 2
403 77 14 19
902 293 11 22
499 386 5 2
627 459 19 17
642 624 19 6
704 629 16 34
144 370 4 2
690 300 17 1
815 583 17 34
199 119 12 22
91 66 17 11
741 456 13 35
416 630 16 22
704 699 17 33
151 995 2 23
903 816 1 15
270 356 5 14
730 360 19 15
589 36 4 11
988 889 19 33
630 939 17 31
630 150 19 10
538 570 8 8
644 667 2 14
555 980 12 34
533 132 6 5
16 144 20 13
733 789 9 2
762 710 13 12
425 401 17 1
35 822 10 34
574 904 3 12
577 23 1 17
779 87 4 11
557 301 7 1
466 375 14 3
366 275 5 11
882 512 8 6
568 821 3 1
751 929 12 35
166 976 19 37
568 838 19 13
196 98 4 37
750 351 13 6
135 47 15 32
911 431 4 12
321 869 14 7
480 564 13 2
911 527 5 3
90 704 19 4
800 109 18 3
698 408 14 59
778 362 7 1
436 95 2 27
394 110 17 16
857 663 17 2
662 513 2 29
100 915 5 22
472 609 8 6
69 19 20 50
287 976 13 12
188 687 4 34
385 947 6 28
427 137 10 14
849 982 8 28
447 791 17 16
972 975 17 14
633 67 20 6
649 796 18 21
917 158 10 23
508 531 10 38
737 635 10 12
699 22 13 15
860 725 19 34
608 119 14 21
263 605 9 37
521 478 18 1
301 113 15 11
818 807 12 24
696 352 3 40
803 335 5 2
877 615 1 34
25 308 16 38
847 797 1 20
929 79 11 19
276 591 14 38
535 98 6 5
894 671 8 4
120 180 15 26
60 986 2 29
721 385 7 18
529 140 20 28
741 995 14 38
54 304 14 36
598 994 5 26
990 30 19 3
699 341 13 19
245 981 10 9
27 42 14 9
81 958 18 2
91 309 4 11
556 988 17 5
338 82 11 31
459 14 5 15
412 256 19 12
629 959 2 13
56 385 5 3
651 519 3 36
863 330 16 21
896 877 1 12
120 327 10 28
28 749 4 31
815 486 11 39
823 223 20 13
530 297 13 30
834 406 9 16
536 661 1 1
944 668 6 13
766 164 11 5
204 916 16 4
507 652 16 17
454 675 20 13
636 699 13 35
474 137 2 39
565 436 9 10
745 688 7 13
593 62 8 13
657 948 7 3
988 574 6 11
594 57 9 3
473 514 14 46
856 55 20 24
202 309 3 9
995 668 4 2
628 751 1 15
725 486 11 2
667 84 10 22
396 62 12 11
569 194 4 12
593 159 6 10
361 888 8 2
138 911 10 39
825 647 13 31
902 96 9 3
945 750 12 2
973 660 3 6
776 904 2 10
949 299 17 11
726 840 7 27
750 389 15 2
212 360 13 29
80 477 5 1
791 415 5 3
540 917 12 18
702 566 19 5
440 685 13 11
2 424 4 13
563 691 5 11
718 96 5 21
544 206 7 31
888 906 13 21
965 441 5 3
5 734 20 13
563 8 1 13
531 683 7 18
849 32 20 8
703 579 15 29
795 408 20 25
424 382 18 1
588 496 18 30
391 480 4 8
483 55 10 13
610 123 12 13
494 909 11 42
696 105 15 39
284 342 10 18
395 18 9 25
424 974 18 4
827 944 14 11
326 203 16 3
268 532 11 10
275 996 6 16
565 797 20 3
858 64 19 26
73 947 1 5
239 406 5 3
524 230 12 3
652 334 14 2
170 831 14 3
654 255 10 19
894 821 14 12
404 42 8 3
176 756 7 49
491 490 8 60
239 560 12 36
544 887 10 13
988 678 11 3
868 910 9 7
81 864 16 4
91 953 14 4
961 894 12 10
493 14 12 33
253 193 18 29
976 399 2 19
542 939 19 22
187 214 16 2
115 726 6 9
10 731 13 9
395 386 6 11
774 535 20 13
167 643 10 35
716 413 19 31
53 845 20 29
172 204 7 37
35 679 13 26
831 347 20 8
555 791 19 12
15 822 8 5
459 568 1 26
846 851 16 6
793 82 8 1
709 851 7 27
363 307 6 24
622 665 16 11
141 828 20 12
176 258 20 12
401 552 11 46
165 300 17 3
912 353 19 11
487 220 18 23
607 475 3 17
961 5 7 18
1 523 1 12
442 934 9 37
566 604 6 12
69 922 11 16
34 109 18 34
208 766 13 20
992 528 5 45
628 865 9 26
954 558 15 40
577 499 12 13
764 235 5 59
60 288 2 10
457 414 8 31
135 75 11 9
793 499 17 2
59 797 11 11
19 898 16 4
62 545 18 10
83 596 5 8
114 233 10 13
650 595 7 15
209 528 1 55
216 447 7 46
76 268 11 12
178 498 9 11
540 991 11 3
578 387 8 23
766 842 10 20
185 672 3 9
408 124 10 7
639 110 9 34
812 211 2 12
191 137 18 11
286 7 20 18
494 631 19 40
39 841 12 3
873 409 6 2
619 327 8 60
999 91 13 3
958 434 19 11
745 455 6 7
267 467 14 20
494 142 13 5
191 716 15 3
947 563 7 16
778 795 2 27
33 583 7 14
112 17 4 36
369 994 12 12
375 161 5 3
922 226 11 40
571 250 12 38
82 975 20 15
153 448 9 7
605 810 19 41
343 761 6 28
18 347 7 14
888 927 8 52
604 588 12 10
676 240 15 14
988 827 14 24
250 704 10 3
95 379 9 16
37 483 11 9
743 394 5 10
178 337 18 51
177 487 15 12
390 377 17 31
170 245 14 22
468 522 11 30
312 173 3 14
965 12 17 11
194 621 10 28
76 831 7 17
365 74 9 16
314 871 3 24
187 987 16 12
627 473 1 9
516 299 15 3
461 280 12 23
486 862 14 6
256 987 7 27
389 902 4 32
138 307 14 43
413 231 11 8
664 262 19 45
384 856 9 28
995 139 11 37
111 641 19 19
313 615 5 36
598 312 6 33
411 630 19 24
555 688 13 5
70 505 18 46
150 719 4 28
111 580 16 20
195 358 16 26
802 754 9 2
274 183 7 23
435 708 15 21
993 111 2 48
430 517 14 22
330 72 15 4
142 543 14 13
816 80 9 23
965 896 13 2
117 75 17 11
210 309 12 13
510 662 12 8
956 740 11 33
592 953 1 7
399 18 15 15
355 24 14 15
695 540 14 1
908 897 16 3
785 39 6 2
865 43 16 35
58 163 17 17
517 445 12 3
776 9 18 17
305 109 2 25
517 308 18 25
179 851 18 17
369 820 19 14
189 624 13 43
938 868 12 2
976 870 15 20
288 906 2 13
641 979 14 3
941 724 18 1
38 960 16 14
570 89 4 36
177 400 10 21
951 965 17 25
566 515 9 34
176 193 5 34
13 415 18 11
354 211 20 27
223 630 3 34
278 18 18 13
594 839 8 8
124 959 6 11
544 294 17 25
654 347 11 15
978 899 7 6
506 981 20 11
617 138 16 3
221 598 15 7
448 470 13 30
706 893 15 35
716 151 11 1
563 67 11 2
544 92 16 31
868 22 2 12
762 572 7 16
945 874 10 33
92 263 19 12
443 540 9 33
677 37 7 35
671 766 17 2
905 65 20 13
442 52 3 7
379 197 2 8
884 157 17 34
537 738 1 11
543 710 2 20
644 666 7 6
518 836 19 2
739 543 1 2
158 687 2 3
280 290 18 7
478 306 11 21
930 820 7 11
4 985 17 49
290 228 13 3
601 78 6 19
81 833 12 1
108 431 3 3
623 713 5 32
84 95 12 21
597 217 6 14
870 356 17 16
982 349 15 13
780 630 18 1
294 758 15 27
820 723 9 22
690 995 17 20
48 388 6 26
64 29 7 11
514 987 5 18
935 452 14 36
559 344 16 23
51 647 7 13
626 459 7 34
280 749 14 18
883 560 5 10
291 126 5 25
180 106 4 13
461 693 14 13
938 77 3 11
881 209 8 17
657 311 1 8
945 715 15 11
959 354 17 43
874 249 11 12
67 287 3 11
383 60 2 11
133 548 3 35
472 804 8 11
101 714 6 20
425 100 2 3
997 380 12 19
416 143 1 20
63 766 19 20
374 432 4 32
401 805 7 2
572 240 10 13
759 877 16 31
37 560 13 2
524 893 2 10
318 640 6 19
70 777 16 20
399 91 20 14
250 903 16 1
470 55 6 20
779 635 10 3
567 495 10 20
959 11 16 29
874 372 3 15
415 821 7 11
697 622 7 10
146 96 8 8
206 607 10 18
80 527 10 13
554 331 2 6
63 128 19 20
565 475 6 2
961 638 3 12
803 775 8 26
159 224 1 2
371 656 1 26
92 944 2 15
48 969 12 43
380 638 8 4
145 119 16 59
557 11 11 26
807 781 9 41
271 862 15 5
365 324 7 15
449 658 13 8
118 357 18 25
934 616 2 25
615 995 9 3
169 947 6 29
803 962 1 20
282 172 13 27
754 404 13 26
990 509 20 3
331 334 9 2
238 377 15 32
83 494 3 11
704 461 2 8
389 277 16 31
602 416 19 13
221 828 6 17
848 377 10 20
598 946 15 11
107 969 19 18
124 784 3 30
634 821 16 11
347 480 1 6
562 816 5 13
308 744 14 12
217 665 8 19
261 245 12 16
808 980 13 11
510 811 3 22
826 585 9 17
60 153 11 37
876 905 6 4
520 899 19 9
333 283 11 10
257 634 18 12
456 528 19 12
503 268 17 16
701 464 4 2
593 208 3 13
287 857 8 28
263 427 9 35
760 559 17 17
573 807 5 39
33 580 6 3
954 782 6 23
76 127 8 23
799 74 6 16
412 488 1 15
81 82 10 2
469 658 3 19
784 234 6 30
889 321 11 10
173 178 5 18
41 288 20 13
582 389 7 2
392 851 9 4
810 327 5 32
933 805 18 21
147 980 9 26
75 122 14 3
529 501 2 14
686 894 12 11
696 810 16 41
183 249 15 12
709 828 8 10
204 756 4 3
264 314 7 20
272 518 20 40
966 328 9 39
695 451 19 3
92 229 15 19
640 205 13 25
811 6 2 33
585 45 6 38
964 955 5 10
292 29 6 15
252 944 9 2
84 68 15 12
143 234 12 44
977 827 16 22
646 404 15 14
180 568 7 2
837 185 16 2
710 38 13 2
643 501 6 12
117 102 4 9
22 275 11 2
372 400 3 17
868 857 20 2
711 453 6 10
369 205 10 34
176 297 18 12
44 472 13 9
840 478 3 37
425 238 15 38
994 742 8 1
205 711 11 32
682 342 16 13
933 527 7 46
55 103 17 3
102 49 7 31
393 773 14 23
553 659 5 21
178 700 9 38
175 721 17 3
631 386 19 9
267 470 15 3
99 545 20 29
297 338 5 13
755 668 18 24
130 820 11 9
15 67 1 13
29 500 11 1
935 292 7 35
349 347 15 21
704 655 5 13
928 942 1 25
343 713 12 30
452 540 1 3
221 208 17 1
360 129 17 3
904 183 19 11
267 190 15 21
233 363 14 14
10 58 20 23
677 446 14 23
985 168 3 33
682 893 1 32
840 524 1 3
722 404 18 18
570 147 17 38
732 373 16 3
456 616 10 28
788 474 3 10
518 501 11 3
205 693 7 16
335 962 12 18
622 770 18 22
210 2 6 5
526 345 16 23
78 942 12 21
317 130 11 3
665 601 16 61
504 618 16 38
192 750 5 3
664 88 15 10
124 131 12 33
183 667 3 15
733 111 15 39
506 880 11 8
497 320 7 7
579 691 3 22
249 363 19 15
150 160 3 11
122 753 2 10
999 182 16 1
90 321 11 9
757 448 10 9
662 461 3 11
152 384 6 21
853 617 3 20
718 293 6 40
667 303 11 12
956 388 11 42
548 741 14 6
803 377 16 12
400 641 4 36
832 2 9 12
95 585 15 8
682 958 16 33
605 191 19 1
60 844 7 13
724 22 5 3
768 880 10 17
243 446 18 2
390 866 1 8
313 900 5 32
828 392 19 13
124 143 14 16
661 235 10 17
440 304 5 21
143 359 5 3
8 816 20 3
14 900 13 10
909 399 5 6
327 692 3 27
783 22 3 13
524 957 8 2
28 574 5 18
730 240 13 13
432 656 13 10
709 610 13 24
333 458 7 6
345 394 18 2
212 419 2 21
931 814 9 1
684 94 13 28
96 716 8 13
651 73 14 51
818 624 3 1
176 26 7 52
386 586 7 11
909 769 9 1
851 123 9 10
610 705 19 4
446 3 5 34
623 715 16 15
108 124 14 14
206 944 9 15
778 913 18 27
600 321 3 13
799 674 9 31
186 544 17 61
591 142 19 7
173 145 14 11
804 211 11 44
735 628 15 14
303 828 6 1
623 751 10 20
298 314 11 1
558 18 6 17
796 535 7 32
589 467 12 1
205 438 16 36
89 147 20 2
193 386 7 28
422 65 2 1
259 4 19 16
797 392 11 17
167 850 16 2
183 62 11 12
343 919 1 25
282 697 17 32
521 261 10 7
90 250 1 1
776 206 15 9
249 36 10 33
847 229 1 3
539 822 15 13
470 111 20 3
801 494 13 17
770 710 3 5
595 479 9 21
924 359 1 18
192 41 6 3
522 444 4 36
256 634 13 52
126 134 10 12
520 720 19 28
871 530 17 17
1 464 20 7
250 691 3 11
65 533 18 7
708 871 7 25
938 248 13 16
732 145 10 12
603 113 18 14
51 795 13 20
308 239 6 33
188 500 17 2
110 398 18 35
121 272 17 5
482 980 5 33
297 122 15 32
167 156 14 19
235 543 10 12
783 219 11 14
715 35 17 30
164 203 5 14
14 616 11 42
544 857 15 22
397 92 19 12
418 268 10 2
494 197 6 1
424 778 5 18
510 279 14 20
535 414 11 2
906 496 16 15
434 653 15 12
698 511 20 8
444 735 6 6
3 583 11 14
749 790 16 12
904 758 17 20
773 990 5 11
153 830 9 22
781 549 13 8
412 91 18 5
982 654 13 19
62 852 16 12
573 393 12 31
817 77 20 7
465 3 7 33
879 41 7 34
361 677 8 37
215 636 17 33
548 528 14 53
897 873 4 23
769 975 6 15
719 936 1 1
339 290 2 1
704 574 11 36
61 571 19 19
546 993 8 5
236 193 20 16
916 26 17 2
20 981 10 6
581 613 2 15
988 843 5 30
192 389 18 3
911 985 5 11
558 654 6 16
727 433 2 28
314 559 5 22
871 705 13 13
147 882 13 26
125 535 1 35
636 287 3 12
248 584 2 21
508 704 1 9
563 938 2 37
253 47 20 3
994 851 7 1
726 558 12 44
819 25 7 2
294 481 11 8
753 712 18 28
151 113 9 3
680 401 4 17
212 336 10 11
490 241 14 18
792 31 20 37
909 863 9 3
61 703 14 17
269 544 9 17
296 325 1 25
461 407 12 30
845 627 5 1
253 737 8 11
124 939 20 49
991 500 3 9
431 258 9 36
28 219 5 31
257 413 1 33
570 212 13 35
368 625 3 21
741 738 9 45
845 251 18 12
203 115 6 23
7 180 19 3
550 57 11 15
417 852 19 10
864 953 2 21
540 878 20 40
850 289 9 4
607 208 8 6
837 420 15 14
309 472 20 3
441 430 19 1
711 493 5 12
597 257 12 12
30 188 19 17
177 440 11 17
814 266 9 41
761 645 8 12
210 609 12 22
580 392 10 11
814 882 15 11
409 866 17 2
325 521 19 2
767 53 8 20
976 499 4 18
89 215 9 5
754 464 3 3
8 320 16 1
101 96 3 29
507 426 10 10
611 330 10 12
378 171 16 2
606 109 8 32
376 938 2 18
740 41 15 28
470 509 4 21
135 801 10 20
544 574 18 20
617 913 3 33
880 249 16 3
957 499 17 13
296 734 4 22
67 574 4 37
839 312 2 20
291 101 8 3
158 35 19 14
910 632 1 15
86 274 18 3
612 422 18 2
966 617 16 1
920 242 9 19
618 549 1 16
454 238 13 19
408 34 3 13
432 433 15 2
902 440 4 21
65 249 5 8
593 314 19 10
539 588 18 4
134 297 12 1
337 437 19 7
602 338 3 29
421 189 19 20
264 708 18 19
306 363 11 25
997 829 4 21
965 366 19 36
991 664 15 4
492 203 13 17
40 78 6 17
984 971 13 24
170 480 10 17
285 702 9 2
453 864 11 18
345 155 2 33
731 267 10 30
990 500 12 22
825 13 5 3
561 889 13 1
261 612 11 14
343 373 11 4
714 384 15 13
136 788 16 47
92 74 19 17
899 526 13 10
361 874 2 28
52 11 8 24
733 235 6 37
618 844 1 24
793 438 14 46
382 968 16 1
119 803 18 37
143 806 16 35
187 218 13 39
892 627 4 11
873 78 3 3
701 295 10 19
777 757 20 20
215 299 18 11
784 619 5 40
849 122 8 16
439 489 7 10
465 735 16 42
849 575 7 13
848 286 19 36
368 88 3 20
111 3 2 17
909 870 6 7
943 962 11 50
4 805 3 16
100 350 18 37
630 971 8 4
617 608 2 17
420 783 13 25
330 532 15 8
235 576 16 26
197 954 14 5
769 660 6 19
442 87 16 13
685 3 19 27
720 440 18 30
450 606 3 25
966 805 12 21
7 614 14 27
960 202 14 10
263 69 3 19
561 159 15 11
169 147 11 10
434 876 14 18
995 251 16 20
759 442 7 31
950 6 18 15
419 508 1 11
488 480 15 11
226 352 13 2
798 508 4 20
551 821 17 3
153 440 16 19
961 572 1 26
65 51 16 14
818 950 3 16
677 560 9 37
524 26 14 7
275 318 1 31
895 675 7 47
187 900 17 1
87 616 11 49
495 586 10 13
553 412 14 17
380 492 19 10
781 331 14 22
870 907 1 3
243 117 1 33
998 775 19 11
385 988 5 9
632 565 11 22
352 14 12 22
939 806 6 2
131 806 8 18
571 16 10 31
980 16 6 2
600 209 8 12
489 230 18 13
501 6 18 3
130 75 15 16
637 904 15 2
606 767 10 29
400 808 16 25
559 826 13 18
221 961 14 5
880 51 10 9
198 98 8 35
384 883 15 22
565 872 2 8
223 606 2 24
645 703 18 3
547 956 10 10
919 432 13 2
963 786 12 7
580 715 20 30
479 597 2 7
326 312 2 3
284 853 11 8
729 199 12 22
623 578 14 6
380 76 15 12
384 560 8 32
735 583 1 5
727 373 6 3
322 772 10 14
72 382 7 9
977 970 16 21
960 356 8 11
138 603 8 11
741 52 13 8
451 684 20 1
503 210 3 12
637 324 2 17
295 643 5 17
372 940 16 60
582 743 16 31
644 823 13 12
793 453 2 52
507 639 15 22
847 760 20 10
352 616 7 3
871 123 12 22
800 69 18 2
730 73 8 3
745 291 3 10
475 5 6 11
844 345 9 27
94 556 4 14
804 139 20 46
797 671 2 6
15 672 5 21
744 286 16 41
372 541 6 1
839 689 19 8
270 412 7 6
737 577 4 31
16 195 13 27
75 236 9 33
825 810 18 1
181 647 2 2
349 905 14 20
192 361 2 2
346 136 6 35
42 107 12 27
847 674 11 16
727 671 17 13
507 549 3 3
407 683 20 9
564 612 1 1
167 512 17 13
187 992 14 30
522 883 16 3
723 172 6 9
823 442 9 11
834 677 1 12
478 98 18 11
559 871 6 2
993 477 20 11
51 608 6 4
963 673 7 11
310 844 8 18
289 378 1 25
242 433 14 3
450 474 2 47
898 959 13 8
526 177 4 22
610 134 10 37
886 474 5 1
304 266 16 1
410 668 13 13
8 857 8 28
337 488 8 19
39 324 11 12
972 437 2 16
850 156 6 17
653 139 17 11
519 419 19 19
303 312 19 24
842 68 20 13
684 375 19 32
258 767 5 12
459 180 5 24
390 896 12 2
636 783 13 37
541 386 7 13
879 562 2 12
156 307 18 13
28 407 9 20
623 793 19 11
976 867 16 17
664 432 2 32
20 4 16 3
865 53 12 12
758 63 3 3
639 856 20 46
604 291 16 8
478 712 17 3
844 720 12 13
81 499 5 6
646 891 19 11
287 225 2 22
752 237 8 13
535 744 18 25
744 410 20 1
463 642 10 6
843 774 18 21
473 992 12 4
272 951 8 12
945 351 11 8
599 57 3 11
487 43 5 21
568 106 16 11
165 692 3 46
947 882 8 7
565 671 2 9
797 839 18 7
815 732 3 41
258 105 2 1
104 469 10 27
691 998 3 43
376 195 20 1
207 903 9 41
871 240 6 22
761 569 5 2
185 144 10 5
742 178 4 38
335 109 20 28
795 50 10 2
516 966 15 12
76 654 2 10
311 463 11 14
79 420 18 24
610 592 8 11
81 533 5 55
222 84 20 23
889 497 6 9
188 245 13 13
989 982 9 39
922 359 9 17
504 441 1 6
106 692 2 16
897 601 3 7
470 117 1 17
495 642 14 37
26 503 11 9
342 933 2 9
777 200 7 13
598 128 10 14
401 943 12 27
518 143 20 12
947 621 4 3
467 724 14 12
385 774 4 60
42 841 9 10
84 842 14 15
952 307 4 35
530 176 13 18
419 135 7 11
526 611 7 22
455 652 18 16
678 16 1 25
725 696 10 12
656 977 16 13
473 738 1 47
923 419 3 3
687 853 14 12
923 342 17 12
558 418 20 16
587 807 11 2
341 229 12 14
813 499 16 47
717 242 13 40
378 501 13 16
369 572 3 10
106 514 6 1
586 258 11 12
146 155 4 43
578 862 15 1
45 586 4 37
744 895 7 14
232 689 6 26
597 302 19 3
503 202 15 16
173 47 12 11
464 272 13 3
802 167 13 4
637 550 14 24
67 699 5 34
383 233 3 13
479 502 13 2
382 249 10 18
204 230 5 2
107 70 7 28
225 683 7 15
571 970 16 26
596 813 15 3
242 322 20 3
932 482 20 6
445 101 12 26
964 269 16 2
967 550 12 7
509 451 4 19
252 967 6 3
665 756 7 14
294 724 4 4
627 120 9 15
845 804 7 41
867 2 19 19
940 664 1 6
854 679 9 30
430 140 7 16
49 687 14 15
624 308 6 22
944 74 18 2
813 197 16 1
184 414 15 12
82 619 20 12
248 982 7 12
637 219 1 3
613 988 9 1
684 35 7 42
265 567 11 8
368 271 7 15
278 832 7 24
426 724 7 13
423 432 18 31
133 459 19 47
585 26 8 2
105 165 1 15
149 556 7 13
865 901 15 11
653 21 6 19
370 280 10 26
918 884 6 40
216 131 4 3
636 339 11 39
121 658 9 11
771 676 20 8
344 813 8 27
284 255 4 19
38 2 1 25
28 435 10 28
217 524 7 29
318 180 4 12
604 101 10 11
253 178 13 10
195 22 20 31
179 436 9 3
549 288 1 5
780 216 11 13
546 720 9 2
534 441 19 36
823 143 18 45
361 941 9 13
609 199 11 24
535 350 2 20
275 644 19 10
74 166 8 13
393 750 2 9
671 164 8 7
984 767 18 39
371 751 6 7
910 847 16 20
788 1000 3 11
188 242 2 28
541 940 19 7
926 374 15 3
755 106 15 27
160 634 5 1
840 753 12 12
583 94 17 35
223 143 15 32
508 269 17 8
416 744 4 1
725 188 9 1
381 627 7 47
707 689 20 2
136 605 2 11
185 339 1 39
334 239 6 17
614 845 19 3
284 896 18 13
954 230 1 29
774 80 18 23
85 378 16 32
486 88 20 6
695 675 6 11
784 812 10 41
462 643 13 36
51 108 8 38
751 73 18 44
796 942 9 28
924 191 5 4
427 165 19 56
571 73 5 17
10 105 2 13
239 611 15 1
498 833 6 29
927 63 16 12
504 430 5 7
856 190 14 22
430 107 15 9
582 212 9 13
23 853 2 19
79 822 13 5
181 605 9 6
895 109 8 29
321 274 9 31
710 386 14 11
789 368 3 6
751 772 17 25
862 175 1 13
109 313 11 1
536 307 13 13
623 373 14 6
130 723 17 31
649 127 4 1
359 845 6 14
787 900 9 39
932 679 10 34
402 279 8 14
666 946 3 22
884 589 8 31
185 937 20 3
728 624 2 22
66 738 14 3
600 765 13 19
625 56 19 30
33 451 8 20
126 110 3 27
622 498 12 2
303 20 13 13
509 979 3 4
396 452 16 31
238 896 14 3
809 625 7 14
620 68 8 4
774 319 7 28
651 556 9 32
423 29 16 3
538 932 2 33
219 847 15 14
327 301 14 30
204 296 9 5
862 772 16 38
34 305 10 9
834 96 2 13
340 209 6 36
508 937 11 10
494 236 16 5
825 557 18 3
3 641 9 2
734 325 1 3
21 138 10 8
25 357 8 1
110 990 10 34
578 751 3 14
878 375 10 5
180 692 14 29
32 631 10 17
504 587 8 3
427 759 10 13
148 457 18 2
481 768 8 13
246 477 8 29
788 971 1 2
14 821 9 3
339 92 17 10
705 326 11 2
827 246 5 22
71 607 20 6
201 541 1 32
820 172 2 31
273 175 16 10
746 404 14 12
131 845 11 53
281 912 5 24
489 565 1 30
486 158 4 30
325 299 1 17
201 103 19 33
932 678 14 16
200 146 11 2
562 376 9 16
225 219 9 17
801 490 7 44
255 233 19 17
254 345 5 18
966 198 3 8
368 423 1 11
107 330 18 12
533 409 4 5
811 156 9 2
569 980 10 44
306 231 8 13
823 335 18 41
124 447 10 25
617 109 7 12
672 461 18 1
102 175 3 32
284 127 12 13
51 943 20 32
704 544 13 16
681 896 10 37
177 815 4 35
327 634 5 3
912 799 16 7
72 876 15 2
912 749 15 8
315 895 4 42
568 615 16 3
699 938 15 1
87 936 14 13
557 456 2 29
712 261 6 3
460 986 18 37
748 125 20 9
909 18 8 21
382 77 1 7
77 608 8 21
731 396 16 27
66 327 8 1
972 23 3 7
90 544 19 20
384 110 8 16
870 268 19 15
701 156 12 20
790 905 6 11
802 265 19 3
378 25 7 23
78 390 1 44
646 295 11 8
431 984 11 9
274 379 14 12
98 803 2 33
955 439 9 33
472 342 2 4
338 833 12 30
282 596 9 28
439 711 14 13
701 523 4 7
416 812 13 13
535 450 15 11
238 335 11 22
151 755 9 1
984 895 1 13
1 510 3 1
776 998 12 13
46 777 11 24
206 880 12 13
929 250 5 30
325 403 16 4
316 906 11 23
698 780 14 32
567 615 8 11
695 789 13 1
875 493 14 2
272 453 19 13
246 280 20 23
96 927 18 16
60 880 1 13
58 190 6 37
974 425 12 25
502 176 14 3
310 152 3 26
765 228 12 30
458 497 16 15
4 51 5 9
520 978 4 3
311 171 1 29
358 799 6 5
706 673 19 23
406 304 17 36
991 578 17 13
769 23 6 8
600 561 18 2
861 576 8 40
543 590 16 8
77 132 5 15
493 787 19 4
408 784 18 37
678 516 17 12
208 312 4 39
423 169 6 42
290 790 7 23
184 919 17 35
320 206 19 36
124 150 4 28
874 993 18 1
219 550 19 21
42 118 3 3
381 845 14 46
689 782 10 13
73 298 8 12
309 65 10 16
940 592 17 11
442 120 9 3
383 844 6 24
426 814 15 25
50 431 17 19
620 327 16 2
272 260 7 11
781 343 17 12
735 373 10 15
469 449 11 11
615 934 18 3
933 323 13 3
154 763 13 11
436 5 3 3
72 119 19 58
434 654 7 8
265 694 9 8
809 56 1 44
491 826 12 1
64 383 17 44
895 377 2 11
339 912 1 4
445 764 15 33
833 268 9 22
39 969 13 38
997 298 17 3
644 707 2 36
483 373 15 37
829 130 17 11
232 141 5 3
124 137 10 1
155 444 13 24
150 626 3 42
947 333 13 2
772 419 10 23
104 912 16 26
535 915 12 5
218 692 11 48
162 288 8 23
235 368 15 24
36 630 13 43
992 692 6 1
736 670 10 31
744 53 10 2
332 795 6 3
922 191 7 3
378 357 5 24
625 556 1 37
359 875 11 12
941 967 5 19
981 315 1 27
922 313 18 42
504 626 6 12
837 816 8 17
789 727 14 22
431 784 8 41
950 60 17 52
559 742 6 14
452 920 15 22
982 863 11 2
675 31 5 10
570 466 18 20
131 53 2 24
432 555 15 13
554 54 9 28
571 712 1 12
880 533 8 2
415 690 7 18
612 425 17 21
248 213 3 1
510 295 5 23
716 627 13 26
864 391 4 30
220 90 11 16
204 337 5 20
680 346 18 2
461 439 5 32
693 81 2 40
174 638 19 13
989 51 16 11
405 693 16 15
592 472 15 17
644 797 11 23
27 462 4 1
429 34 1 11
759 226 3 27
965 740 19 5
672 691 7 1
489 298 4 17
575 7 6 2
869 857 5 26
908 77 9 13
818 160 12 13
713 758 6 12
175 854 7 21
763 174 1 18
518 388 18 11
197 148 14 13
116 513 11 32
385 901 15 1
311 515 9 32
188 373 11 6
109 603 7 13
561 86 5 39
593 658 3 3
118 107 4 24
421 785 1 25
127 968 6 5
914 220 4 20
370 206 11 42
26 81 13 2
982 268 12 21
667 164 15 22
561 765 11 17
145 974 7 13
165 106 20 30
120 459 13 2
240 197 16 27
765 358 11 32
802 694 14 11
635 214 7 3
533 928 16 2
705 491 18 2
426 554 5 1
447 109 14 15
97 104 2 12
956 404 11 11
608 136 13 21
84 994 12 7
385 194 20 3
206 790 15 14
6 819 5 2
969 988 15 13
367 54 3 39
189 445 14 43
521 40 16 20
32 895 17 13
251 603 4 1
302 596 4 5
885 30 8 31
511 307 18 39
637 203 8 12
273 13 16 11
958 202 15 21
75 197 5 29
627 551 14 29
992 934 7 36
154 22 16 3
85 484 3 11
729 796 16 11
693 338 15 11
906 834 12 2
852 542 4 8
293 835 15 12
56 772 10 7
400 190 20 32
618 288 4 21
375 613 1 14
350 779 18 9
196 51 8 8
973 887 12 20
471 63 8 7
150 784 2 2
468 302 12 12
506 848 11 12
62 961 14 4
452 29 19 14
387 375 8 6
252 565 14 20
648 239 13 19
54 761 5 12
969 588 12 23
134 849 8 17
524 753 3 9
697 543 6 17
77 20 1 5
929 621 14 17
391 125 18 17
870 654 4 13
97 776 16 35
674 545 19 2
295 495 6 9
742 282 10 5
739 710 17 12
495 745 12 2
281 481 4 32
380 771 12 9
512 461 16 14
983 453 7 1
458 672 12 18
278 190 1 14
618 366 17 1
19 741 9 9
161 129 17 41
903 699 15 35
664 578 13 9
64 517 17 35
230 893 8 7
121 464 20 2
265 404 11 25
687 914 19 14
982 418 6 19
867 592 5 13
749 314 8 19
161 970 16 35
798 579 14 15
85 747 1 2
302 490 16 35
934 821 9 60
13 936 5 38
178 840 11 27
108 542 8 41
825 231 4 2
81 437 8 19
789 451 1 21
625 17 14 18
611 406 10 2
920 94 8 22
875 959 2 17
116 951 7 16
794 500 11 14
748 795 14 40
252 475 14 22
811 525 3 2
324 63 12 8
137 755 10 45
759 626 15 2
348 491 4 24
875 13 12 3
463 428 9 37
158 556 5 14
682 631 5 30
242 865 13 3
492 596 20 44
234 987 7 11
94 581 2 3
182 488 3 12
73 333 7 7
524 187 9 12
870 521 3 16
548 327 9 38
317 595 16 8
330 908 16 7
823 431 5 18
263 137 3 49
549 718 16 12
926 371 17 19
12 604 12 33
259 796 10 17
454 886 12 2
750 426 1 15
480 528 13 11
617 78 10 12
590 647 19 12
75 405 4 14
241 170 1 21
896 474 3 37
302 726 13 10
173 45 5 39
283 376 14 23
809 371 19 19
101 716 12 13
390 792 2 40
117 444 4 6
157 373 19 25
16 889 5 5
966 199 20 17
205 217 4 18
707 24 20 3
180 821 13 3
294 264 10 7
375 988 2 15
980 600 15 4
577 653 14 32
836 517 5 21
836 364 18 16
600 512 11 2
130 597 11 33
96 58 4 17
721 149 17 9
454 552 8 28
509 271 3 19
326 282 6 2
711 753 3 24
591 697 11 3
440 293 4 1
25 750 8 30
742 166 17 28
794 49 2 31
796 78 20 7
65 911 2 43
800 413 16 13
149 914 15 16
514 838 15 1
795 552 11 31
588 10 19 24
405 711 8 31
213 760 17 22
417 971 20 13
519 220 13 19
94 687 9 3
560 292 17 24
246 320 20 3
52 327 6 24
663 963 5 20
234 810 7 38
485 605 11 24
292 921 1 12
680 527 3 44
544 835 3 3
859 322 17 47
999 734 12 1
614 226 17 12
99 786 5 15
201 685 12 3
579 321 15 19
807 93 7 37
250 28 19 21
96 117 11 2
932 988 14 13
290 9 17 17
789 3 11 1
767 806 11 14
266 794 17 22
847 550 19 7
618 582 19 12
350 408 4 1
506 132 19 15
57 610 4 16
391 612 4 11
925 984 13 11
782 122 13 2
897 425 6 31
206 847 12 16
610 240 16 13
145 127 5 6
308 496 17 33
666 380 2 17
545 380 15 2
376 281 15 1
970 497 4 19
783 407 3 3
863 347 1 32
772 977 12 7
215 670 3 44
800 305 10 39
729 100 8 26
239 731 3 3
125 417 11 12
601 401 19 25
661 163 10 14
584 598 8 6
50 98 5 7
865 929 15 24
144 497 14 1
504 114 11 2
716 19 20 28
329 150 16 45
899 468 18 24
98 377 7 45
119 216 9 6
441 383 2 32
608 100 12 3
540 61 10 38
776 365 9 10
604 554 1 15
263 377 9 2
722 504 3 32
680 981 11 6
75 498 11 41
648 293 20 38
374 684 16 6
940 991 1 2
742 95 18 13
357 969 17 17
992 456 8 33
653 698 3 23
472 729 15 8
71 963 12 1
946 276 9 12
347 299 15 3
405 524 13 46
310 389 16 8
808 541 9 11
523 643 19 29
854 212 11 6
898 936 19 32
390 429 5 4
623 538 16 4
239 861 11 23
429 606 17 13
888 146 1 28
366 844 11 23
866 575 17 2
162 366 14 3
222 598 4 4
882 508 14 3
215 903 16 33
350 263 9 28
699 264 15 15
755 821 14 2
758 174 6 6
692 634 12 28
664 862 14 10
128 820 7 14
195 868 10 19
128 821 12 12
228 92 3 6
603 300 10 41
393 162 2 9
421 956 16 6
74 222 1 9
935 78 13 12
462 402 9 2
949 158 18 14
40 401 19 23
314 667 12 6
576 184 10 3
416 263 19 24
254 714 8 7
917 35 2 37
671 369 12 2
275 763 4 6
493 557 13 18
703 16 5 33
369 282 11 18
337 182 7 7
102 323 12 11
76 261 16 20
881 898 15 20
978 426 19 11
699 776 18 5
17 704 8 62
609 617 1 8
143 924 15 38
273 433 19 21
426 874 20 16
606 792 8 23
816 290 16 25
834 468 20 6
591 665 8 24
733 155 12 35
58 304 4 22
266 112 10 24
812 620 14 3
647 812 16 18
614 313 14 14
71 686 5 15
159 57 9 17
697 780 20 13
359 14 17 47
399 403 7 19
539 639 10 20
569 914 1 16
519 73 20 15
744 784 1 33
778 100 6 14
114 383 18 36
38 325 9 23
24 276 20 1
385 980 14 35
206 763 8 9
109 53 20 17
414 377 12 48
205 353 11 16
829 924 19 12
97 376 18 13
720 72 7 11
242 772 10 17
291 834 20 19
915 767 19 3
622 45 2 12
578 262 19 36
550 249 14 13
598 828 10 10
919 242 18 1
149 262 11 10
636 765 18 13
765 574 10 25
414 984 11 24
791 605 5 16
435 723 5 12
353 160 7 12
850 48 19 27
751 970 11 53
778 511 7 1
389 334 1 18
502 849 20 31
2 653 11 1
337 975 17 5
402 646 1 9
981 873 16 2
447 784 14 5
941 758 3 24
611 396 2 29
23 268 9 13
458 544 20 27
721 854 1 18
635 31 3 13
6 364 8 12
638 610 3 14
724 264 2 3
602 438 7 38
674 179 2 8
180 160 4 2
852 627 5 3
245 933 2 1
337 905 3 23
536 815 8 17
597 989 13 15
394 830 15 17
391 748 17 8
545 57 15 4
563 562 16 3
375 977 13 17
760 968 19 11
735 343 7 11
55 444 17 3
452 271 12 15
764 126 12 15
541 374 4 13
520 277 13 36
249 535 7 30
191 359 13 14
67 313 10 13
602 502 5 1
397 156 11 19
707 442 14 13
849 753 9 26
223 417 8 25
407 489 20 12
30 920 16 26
23 403 11 16
833 356 9 23
698 78 10 13
303 766 16 5
898 251 14 2
87 456 3 21
124 759 20 2
202 40 8 21
613 600 13 31
566 573 3 2
454 136 19 2
73 923 2 1
403 564 1 18
26 418 4 23
576 687 1 45
380 930 12 11
824 520 2 36
702 118 5 33
866 971 10 23
714 394 3 13
114 978 6 48
869 104 10 3
501 46 8 31
590 490 20 1
800 886 6 2
25 428 6 1
716 548 14 31
983 706 5 32
553 627 7 11
617 315 20 34
630 542 2 9
158 169 8 9
537 329 12 6
507 714 12 27
648 406 6 22
448 37 10 28
244 8 19 38
532 564 10 11
924 7 19 2
333 672 15 24
47 665 6 27
220 964 6 17
381 359 10 32
279 393 16 20
845 877 20 13
503 418 7 14
414 943 5 6
694 441 12 37
31 151 20 45
843 655 10 21
758 224 5 2
361 918 7 19
363 350 12 35
991 625 3 15
468 685 5 36
361 291 17 6
276 892 7 41
771 84 2 4
970 871 11 12
30 578 14 23
315 98 3 8
846 595 1 3
313 568 14 33
303 479 11 36
552 69 13 40
119 410 2 25
533 233 7 2
85 402 19 2
428 361 7 32
455 153 5 34
596 353 19 4
771 268 9 13
951 12 7 36
926 664 14 3
816 281 16 4
508 59 9 11
71 758 15 9
176 217 18 16
97 247 13 4
119 921 12 7
961 742 6 29
605 442 8 42
706 972 1 37
770 325 18 30
595 813 9 39
34 257 13 53
11 160 18 2
337 412 13 4
400 465 1 1
937 320 15 10
789 343 10 21
826 75 12 4
410 922 8 3
905 880 11 18
445 777 8 32
924 614 4 29
306 78 16 15
251 113 20 15
755 1000 12 13
820 139 2 11
891 587 19 20
890 48 9 28
317 610 9 8
565 762 8 5
45 395 5 15
910 213 19 8
223 124 1 16
644 222 7 13
3 979 6 5
953 255 12 15
419 947 16 1
685 808 14 18
187 557 2 34
384 541 5 2
314 565 18 12
458 144 17 14
516 21 12 8
487 561 4 37
939 105 3 47
858 868 13 13
859 17 19 42
908 905 20 3
3 188 20 18
398 55 7 1
835 219 8 30
503 44 8 19
131 875 9 51
648 733 18 19
735 946 1 12
307 226 20 13
919 387 19 2
78 805 11 8
862 658 5 13
188 862 17 7
228 966 11 13
432 617 5 12
313 327 9 33
974 21 17 3
457 363 6 14
769 653 9 23
273 651 6 3
353 453 15 26
965 140 15 20
85 858 20 7
127 125 1 17
726 711 13 15
519 882 19 27
764 331 16 3
249 119 6 31
417 987 11 11
700 984 8 13
476 598 19 4
650 602 13 37
954 711 6 11
929 15 9 19
193 756 12 15
517 624 18 3
671 344 17 24
541 188 10 16
319 264 10 7
425 350 11 40
836 521 4 12
122 972 4 13
905 299 4 4
148 952 14 5
489 449 12 3
438 958 20 22
938 489 14 16
855 310 15 3
17 656 17 13
533 527 8 39
461 228 5 33
706 543 3 11
756 710 15 2
129 636 9 7
838 1000 5 2
392 344 13 13
473 741 16 2
809 348 13 13
74 686 11 10
174 961 4 1
614 214 8 43
565 355 7 4
48 587 19 12
384 467 7 49
645 519 16 7
681 848 7 46
712 887 11 7
374 878 16 33
7 413 11 36
997 5 12 29
642 367 19 25
513 114 4 8
233 223 19 41
668 113 4 33
471 438 5 12
1 657 16 2
774 857 10 25
370 247 16 2
780 942 17 2
391 255 9 6
180 251 19 28
240 494 7 26
406 640 10 11
745 101 16 13
792 939 11 18
579 837 1 10
86 629 17 1
229 760 5 7
648 133 14 11
439 967 2 23
919 713 18 5
901 822 14 37
621 964 8 13
150 286 17 10
586 127 15 15
355 707 4 12
801 47 8 12
577 412 1 23
241 330 1 21
943 307 11 1
783 632 10 23
943 263 20 40
783 637 16 11
907 767 1 13
889 670 11 14
19 810 3 9
690 456 16 17
51 350 18 44
373 917 2 2
182 170 17 6
305 263 11 5
747 378 2 30
940 625 1 17
953 768 17 11
308 720 6 21
584 760 16 2
615 211 10 38
503 953 11 18
881 14 1 46
728 308 9 44
3 717 5 6
873 838 12 13
297 682 20 11
799 763 11 8
951 48 15 13
652 54 17 22
487 923 1 20
520 554 12 15
346 985 16 50
361 720 11 26
592 418 10 3
830 155 2 14
368 725 17 12
604 389 18 5
582 986 1 28
569 656 7 7
979 721 10 36
399 23 2 3
503 182 8 12
521 299 8 15
713 678 10 21
770 972 7 11
360 822 1 3
882 97 12 15
620 528 6 17
275 324 1 13
801 173 12 1
258 675 11 33
917 715 16 7
6 316 4 7
431 962 18 41
242 158 8 3
517 351 18 23
465 343 16 1
370 281 12 12
855 101 1 17
743 54 13 9
42 48 12 2
626 352 9 27
857 9 19 17
496 243 8 20
947 90 17 15
787 959 16 11
355 650 7 2
93 888 16 9
384 117 13 49
523 419 3 11
516 748 5 6
421 968 15 12
418 744 16 12
749 183 13 10
824 361 9 38
43 827 5 8
698 952 12 12
663 135 2 11
380 436 12 7
353 976 12 28
386 182 6 11
765 938 19 23
829 203 8 25
216 806 8 3
538 865 11 27
595 742 19 3
532 880 18 20
7 313 11 41
969 366 4 5
984 803 12 12
303 276 6 14
356 255 12 16
278 991 4 27
845 19 20 3
920 482 5 34
949 161 13 21
477 758 12 31
791 619 17 29
890 279 11 14
124 924 14 3
773 507 14 31
365 179 16 39
452 991 5 6
285 754 18 3
573 956 17 9
575 359 5 18
807 507 20 46
267 37 10 1
19 959 18 12
782 412 14 28
376 574 13 20
245 323 17 4
833 734 10 18
146 685 1 37
349 478 10 10
262 798 20 17
100 620 18 13
137 936 3 3
780 34 12 40
564 617 19 5
888 814 5 35
527 168 16 41
78 51 7 1
134 26 20 41
228 341 13 11
770 434 16 21
487 212 15 2
103 717 19 3
825 7 7 34
997 57 12 21
422 805 16 22
263 150 6 8
353 700 17 39
696 557 1 47
374 552 12 11
727 949 14 14
3 859 10 2
439 910 5 3
682 711 7 7
501 933 16 13
7 690 7 2
150 962 3 2
321 544 13 11
400 155 8 13
495 6 4 23
152 446 1 39
760 707 14 23
925 946 10 19
606 263 13 12
999 437 13 1
910 314 6 25
13 231 11 13
988 964 9 35
545 689 16 17
439 294 12 1
928 307 9 38
941 92 2 3
690 14 8 3
32 590 13 3
610 312 2 9
62 760 17 2
730 980 8 15
937 765 12 10
82 558 3 3
893 91 12 20
664 800 7 11
770 898 4 11
508 195 9 26
667 766 9 17
621 269 8 15
720 200 5 2
731 33 17 2
753 210 4 19
704 971 19 13
918 902 16 16
817 346 7 14
505 467 2 50
603 987 1 3
453 296 7 11
286 619 13 32
910 595 3 58
394 278 14 36
198 425 5 10
673 770 7 3
445 801 8 11
852 614 10 3
754 397 14 2
289 525 8 13
650 597 16 43
117 157 4 2
535 416 9 24
425 848 15 50
943 143 18 36
979 88 14 20
916 895 7 11
914 621 1 24
797 303 4 3
223 305 12 31
35 324 4 12
763 348 8 27
632 870 16 11
445 520 13 15
899 546 11 17
259 533 8 18
950 93 3 45
20 928 8 7
842 502 19 13
125 198 16 5
208 380 7 12
747 42 17 26
733 467 7 53
225 86 19 1
374 917 11 11
753 325 14 22
991 727 13 10
675 415 10 40
545 610 1 20
953 609 4 16
148 928 17 2
333 376 5 33
859 94 5 47
494 697 17 1
563 104 14 18
317 842 19 18
119 286 16 2
859 926 20 10
493 992 12 14
661 861 12 3
941 22 18 4
292 540 7 4
212 798 17 12
561 563 20 3
783 574 17 1
235 589 8 15
538 322 3 27
363 898 9 12
194 929 5 11
971 69 11 17
651 865 7 18
437 654 7 2
716 459 3 43
470 278 11 4
170 712 17 3
558 44 4 21
255 966 10 8
43 220 12 2
741 514 10 44
21 233 3 13
609 928 13 16
90 938 12 38
48 965 1 12
129 563 14 6
116 841 8 37
932 656 5 2
64 618 6 44
837 937 1 5
315 108 7 17
761 330 20 11
417 168 15 12
18 649 4 11
939 181 3 2
657 811 15 21
881 352 18 24
310 588 12 13
72 299 17 10
410 417 15 11
130 172 7 40
831 422 13 19
384 593 2 13
158 375 8 4
600 250 17 5
946 839 1 2
803 806 3 41
154 683 11 2
184 188 1 8
510 722 15 11
171 6 15 17
666 828 13 21
593 996 6 8
100 823 7 16
734 31 20 13
600 8 1 18
504 501 12 9
415 934 6 38
99 925 17 17
24 971 9 11
362 69 4 13
81 867 7 5
688 980 14 29
713 207 11 13
554 718 19 4
712 342 5 11
215 869 6 47
75 134 9 26
920 570 2 3
830 267 7 12
687 147 4 16
469 282 3 13
19 900 2 40
112 273 4 20
196 985 17 48
467 343 4 23
610 253 9 31
737 38 7 37
240 134 5 24
244 600 8 20
181 924 13 3
149 947 7 37
636 871 1 11
607 141 6 10
964 869 15 15
763 516 2 12
320 699 8 22
973 939 3 12
141 894 2 10
995 160 1 48
782 524 11 3
441 642 6 20
592 330 17 7
382 21 6 6
94 212 13 16
311 227 15 44
548 106 3 49
701 722 5 7
348 729 17 11
716 301 9 12
441 740 16 2
642 604 6 21
37 33 19 22
62 686 14 3
299 148 3 16
529 836 2 13
395 960 15 16
940 926 16 3
942 995 18 13
302 338 5 20
750 554 15 16
927 396 13 14
869 741 8 13
996 550 19 4
377 810 6 13
288 426 6 2
570 531 2 13
66 992 10 29
29 628 1 4
558 399 11 2
879 12 4 2
899 426 17 5
283 475 8 12
461 104 14 7
183 594 1 23
850 114 17 38
347 198 12 20
583 270 2 11
505 155 16 32
22 992 13 11
509 580 17 2
751 77 3 12
740 642 20 18
116 289 19 6
334 200 5 7
926 868 15 13
625 11 15 11
747 515 7 35
642 945 8 18
236 498 19 8
959 692 17 1
674 499 16 12
771 739 13 10
684 932 4 34
653 748 11 17
420 358 20 33
19 934 16 47
488 401 16 36
154 248 8 5
47 697 14 6
575 13 6 33
406 589 11 49
217 711 3 14
91 853 14 8
64 745 7 51
261 20 14 19
316 757 7 35
745 316 16 4
228 9 20 14
331 78 18 12
513 643 1 3
572 494 8 39
91 391 13 13
879 383 6 26
906 743 20 9
426 844 13 1
779 719 9 2
564 138 20 8
33 576 2 7
700 23 10 11
165 1000 15 2
683 963 16 13
114 227 6 8
59 287 17 8
202 259 6 14
920 381 7 13
686 961 12 1
644 961 8 15
476 866 11 13
447 381 7 15
995 603 4 21
273 569 4 22
950 582 18 2
411 606 9 14
410 168 20 23
925 24 1 30
7 31 4 12
667 640 20 26
891 950 12 14
132 911 6 31
977 964 9 33
181 881 14 22
239 419 13 12
471 760 13 9
214 568 6 4
562 835 14 19
715 223 12 13
487 678 3 8
142 524 8 27
724 493 12 11
625 854 4 33
659 347 12 16
453 673 10 3
292 374 10 11
135 122 18 13
413 211 5 13
470 304 12 3
600 672 20 15
648 110 6 39
343 892 20 13
846 479 13 24
600 283 7 1
766 705 9 14
441 855 15 35
232 872 20 16
798 875 7 13
543 770 6 15
946 771 2 4
21 4 12 9
242 207 4 17
669 902 1 20
883 789 20 29
658 707 2 35
643 93 10 45
108 150 16 42
12 140 4 9
121 722 12 7
916 960 6 17
231 551 20 16
758 686 18 6
654 127 14 13
690 821 18 3
365 24 13 51
149 988 17 18
76 347 12 25
925 650 16 17
584 53 2 13
8 868 19 26
471 380 8 19
458 185 12 9
913 823 12 3
282 427 9 13
221 686 13 4
370 494 14 13
883 437 9 13
822 287 6 19
527 329 16 3
935 102 2 37
882 561 15 6
407 439 14 2
828 689 2 11
946 326 19 19
314 91 16 11
839 771 16 2
521 342 5 15
362 98 13 35
475 348 13 1
264 481 20 1
544 290 1 22
984 168 9 23
962 627 19 3
874 153 20 9
335 630 18 6
163 859 15 24
38 999 1 19
814 861 13 24
858 227 6 42
606 806 20 43
171 162 9 41
704 59 16 2
608 108 16 34
783 206 20 12
59 670 2 7
157 451 19 21
424 729 4 6
420 655 9 3
507 468 9 29
610 491 4 6
727 932 19 34
851 752 2 12
425 535 6 20
708 62 16 4
12 745 20 31
922 716 9 6
864 478 17 21
663 658 4 21
830 832 15 43
382 233 7 19
852 109 20 21
568 456 20 3
301 616 12 1
698 196 13 6
734 831 17 9
31 13 7 19
555 129 12 37
579 765 1 25
357 745 19 28
624 945 4 12
148 136 2 32
228 967 19 22
971 258 12 3
808 292 4 13
131 218 15 11
786 224 12 3
327 1000 11 3
132 795 2 22
435 99 10 6
829 871 14 7
12 549 20 40
121 404 13 25
876 680 12 19
264 183 17 11
315 634 4 11
265 956 11 14
843 59 14 10
916 973 2 19
674 57 11 6
40 249 10 12
802 27 14 2
497 574 20 32
288 874 16 18
726 139 6 11
772 914 19 3
250 59 7 5
639 733 17 14
526 448 18 27
334 639 10 3
316 308 16 5
537 150 16 51
609 51 6 21
8 319 11 31
110 541 2 38
20 198 1 6
5 597 15 36
976 337 8 24
576 181 5 12
699 904 10 15
269 574 9 37
960 876 13 18
323 136 9 36
762 871 1 7
606 381 19 32
130 729 10 12
539 101 18 5
338 558 3 34
893 270 18 9
636 320 16 13
869 868 18 24
861 589 13 29
466 854 4 9
745 254 7 16
629 912 2 7
915 606 10 31
441 945 5 38
474 19 12 59
917 385 3 33
90 417 14 11
757 677 2 2
708 759 18 11
840 769 11 14
930 778 11 11
385 882 11 35
229 707 1 30
967 222 19 10
633 195 12 24
202 131 20 13
541 452 17 3
199 425 5 1
955 280 11 24
624 969 8 2
955 912 1 34
89 798 11 11
805 136 9 18
988 672 16 45
522 155 14 12
67 435 5 47
791 719 17 15
740 718 17 58
36 568 14 12
831 698 12 20
660 261 16 10
289 841 4 31
531 280 5 2
60 652 7 19
212 889 15 36
601 328 4 45
12 107 7 2
161 679 15 33
152 447 15 11
621 370 6 21
592 211 4 12
855 288 12 18
790 471 17 3
295 807 17 25
16 247 18 17
958 386 8 6
444 486 6 16
696 759 10 11
750 60 2 3
919 433 7 4
586 659 15 1
199 431 8 38
872 84 2 8
944 686 6 12
887 233 20 22
621 889 6 11
219 298 6 18
804 180 17 1
768 966 17 12
935 443 20 6
836 367 15 43
462 279 20 16
588 546 20 16
758 18 8 11
460 899 14 15
469 74 5 22
230 710 6 3
880 78 9 8
133 19 13 32
988 283 9 31
717 576 2 1
498 711 9 4
80 724 3 9
488 698 7 17
756 241 14 9
221 584 1 1
607 159 12 3
224 174 20 4
652 277 10 15
164 892 15 45
59 765 17 9
567 171 19 26
428 781 13 29
6 773 12 8
566 818 16 17
573 523 8 2
392 307 1 12
864 418 6 17
2 255 8 16
348 355 9 1
184 684 20 11
55 651 3 31
253 813 6 8
519 704 11 39
472 259 19 2
716 13 10 26
412 999 3 2
493 120 6 16
218 251 12 47
676 166 3 32
133 231 9 43
251 634 5 29
269 591 11 12
255 778 11 15
97 40 6 11
615 634 18 52
753 268 1 23
958 241 11 2
820 597 6 24
759 13 10 19
891 171 17 12
299 125 18 12
245 608 5 19
812 14 7 48
856 452 17 29
884 266 4 19
486 476 19 11
949 772 19 28
56 207 13 7
74 797 6 19
107 764 14 39
56 556 3 7
599 368 14 3
157 102 9 7
887 796 2 19
757 733 18 3
401 31 13 11
225 154 8 13
196 823 4 31
320 148 20 11
169 736 11 26
820 494 19 35
618 539 7 15
661 155 5 15
388 46 2 23
766 492 9 2
714 10 14 3
517 507 15 22
781 588 8 11
899 588 7 1
667 5 13 19
673 145 7 39
239 304 2 39
529 445 3 37
476 839 1 17
156 140 8 42
102 721 19 35
485 939 6 16
547 785 4 29
337 908 3 20
858 504 18 32
978 906 4 22
411 150 1 34
144 672 10 4
175 262 7 22
586 853 10 10
224 369 5 21
539 291 17 2
655 868 17 23
246 481 18 41
409 614 7 12
284 259 2 16
254 536 14 35
664 94 11 34
462 513 19 33
340 787 12 36
799 944 2 14
972 14 17 12
159 318 13 13
608 332 19 13
595 312 1 9
431 542 19 38
984 962 17 32
561 699 13 39
493 52 9 20
174 839 4 16
977 223 19 12
40 36 8 45
989 710 10 34
134 438 17 23
233 535 16 29
57 130 18 11
30 991 19 10
979 451 16 15
655 28 16 5
809 158 17 37
864 437 2 15
846 83 2 31
971 775 1 14
696 881 12 16
872 984 19 11
258 838 19 12
363 984 18 41
333 8 17 27
705 203 3 5
311 42 6 23
217 756 3 33
43 420 13 32
32 38 6 17
445 316 5 17
451 713 9 30
543 32 14 5
768 21 5 8
677 731 7 4
826 142 20 37
468 110 17 27
2 65 6 24
811 227 13 31
911 866 13 22
871 851 14 12
509 102 13 5
574 154 10 9
426 777 11 3
962 791 6 11
240 498 6 39
645 73 3 22
630 852 6 1
225 689 8 12
464 421 12 6
832 735 7 1
63 674 14 8
17 149 14 6
266 483 6 3
480 511 19 14
766 846 16 7
307 895 15 30
134 142 18 7
487 508 19 34
120 11 10 28
708 318 17 14
897 981 11 21
920 158 15 22
122 7 3 11
166 726 12 10
825 875 16 2
765 319 18 30
361 254 19 22
36 800 9 1
957 553 15 6
94 613 19 18
916 182 9 23
712 488 9 3
49 721 6 4
425 911 20 25
447 787 17 12
366 41 7 7
851 479 13 18
2 261 14 7
13 995 13 49
383 718 19 28
328 429 6 22
21 414 12 44
587 430 9 4
842 197 9 30
227 642 17 16
141 179 1 12
664 322 12 34
960 586 12 6
688 220 10 21
767 939 19 12
817 342 6 1
956 279 18 2
652 677 20 18
580 809 19 9
838 987 12 17
100 305 7 3
924 13 7 33
856 163 5 2
991 761 19 37
126 743 6 1
293 467 5 34
471 298 7 3
358 632 6 15
655 435 1 33
521 330 2 1
797 236 20 62
430 46 11 33
949 186 11 26
918 872 8 12
960 734 3 6
855 906 3 31
607 758 3 3
238 150 6 38
717 940 6 3
938 80 19 2
262 194 19 2
789 452 6 6
141 598 4 2
258 614 7 3
186 798 8 16
759 352 16 29
870 953 4 17
627 352 13 10
954 840 12 23
245 20 17 3
163 29 13 41
421 891 20 14
113 160 14 13
702 89 2 13
299 974 13 2
907 564 2 33
939 313 15 48
393 351 17 2
193 32 6 2
536 266 20 21
979 102 7 1
57 24 16 14
866 120 10 11
886 922 1 26
430 364 2 17
380 84 6 13
155 33 13 21
363 390 12 34
374 371 20 16
283 837 9 3
871 532 8 12
445 460 13 9
876 601 7 11
842 75 1 1
316 549 3 5
843 241 14 12
473 352 13 1
859 49 1 35
874 446 6 32
5 502 17 31
188 451 17 2
875 898 11 9
547 529 11 30
455 720 16 23
467 368 10 8
486 727 11 2
432 901 11 13
436 530 20 19
511 848 2 3
563 287 14 13
6 428 13 5
659 660 20 1
332 911 9 12
922 415 12 43
219 275 6 1
953 299 19 14
499 261 4 25
50 454 2 1
81 44 17 26
711 710 16 21
775 716 15 25
576 926 7 5
180 11 2 2
787 327 9 40
357 938 2 11
409 414 2 28
200 243 4 30
137 226 5 26
817 40 18 6
546 714 1 5
717 664 2 9
464 746 3 11
890 518 14 43
774 86 7 20
264 248 20 2
970 579 4 1
576 374 14 8
157 732 3 22
368 926 3 7
844 239 2 25
259 40 14 7
207 336 15 13
720 293 8 31
478 887 5 10
836 978 10 42
597 166 19 3
162 618 20 2
269 86 17 34
472 424 11 2
138 409 10 8
470 3 5 20
480 680 1 8
67 274 11 37
927 58 2 1
71 786 20 8
743 277 4 2
797 762 16 2
175 169 8 20
728 60 19 39
254 372 4 21
193 82 17 22
966 915 18 43
145 299 1 11
115 759 4 12
956 227 7 35
34 143 5 10
960 391 8 21
820 95 14 12
829 640 2 15
269 699 18 34
520 331 18 21
591 51 10 13
857 912 20 3
599 991 11 9
678 600 17 27
969 162 7 2
78 527 9 33
695 55 16 1
287 206 9 37
905 4 10 18
764 918 18 3
916 296 9 1
900 752 4 30
319 799 15 7
981 542 4 11
560 444 20 23
204 82 12 10
295 824 9 31
135 502 20 21
661 641 19 38
490 700 9 13
378 643 16 4
350 411 14 2
135 115 3 30
153 536 12 20
111 266 5 1
917 878 11 22
260 295 9 3
609 323 8 10
667 650 18 12
360 97 12 15
946 676 10 12
444 329 1 12
398 794 4 7
254 743 5 10
824 140 10 12
144 225 4 29
718 146 14 13
392 892 9 41
605 787 5 33
747 187 19 11
447 150 6 3
350 848 13 10
329 108 9 3
545 84 8 15
618 460 14 3
307 866 5 18
438 18 8 42
625 932 4 29
128 479 8 31
450 66 11 12
61 644 10 12
589 112 14 12
39 393 5 1
214 68 8 6
166 782 1 37
194 43 20 22
616 211 17 10
903 937 3 3
671 479 4 33
701 891 3 22
993 814 20 8
705 631 7 12
783 294 5 6
632 584 4 13
241 654 14 17
86 290 10 5
497 490 18 13
899 146 18 23
406 470 17 33
729 535 20 43
174 640 14 26
31 690 3 48
941 481 20 5
789 732 5 22
17 147 2 24
679 562 18 17
695 725 3 3
329 223 2 1
733 8 9 11
129 843 9 1
340 922 9 1
240 706 7 33
353 236 16 4
270 261 8 21
291 814 12 31
137 557 6 35
373 570 4 6
673 958 1 13
405 697 14 15
720 814 9 11
398 451 18 21
971 150 5 6
805 984 2 43
410 630 7 20
344 123 13 1
542 575 13 27
729 148 20 12
152 406 10 20
969 899 16 22
308 648 6 14
162 718 12 30
667 894 14 11
832 500 10 12
979 271 18 15
937 86 11 32
102 570 20 24
781 351 17 6
379 178 10 9
785 969 16 40
100 168 7 3
337 403 5 14
728 484 4 35
146 861 18 31
878 8 2 13
94 555 20 11
222 135 14 30
733 406 16 3
526 652 16 2
859 423 8 14
735 809 4 3
306 796 15 8
495 445 1 43
655 358 13 30
189 64 13 5
590 909 20 16
127 887 11 1
823 329 14 12
722 534 6 2
359 19 10 17
970 672 20 22
311 289 20 2
688 493 16 12
962 69 14 9
310 41 6 2
417 895 20 2
712 649 3 5
389 669 9 12
632 221 13 12
494 957 20 34
689 742 2 6
855 937 8 11
289 785 11 26
680 911 16 41
328 800 17 3
203 697 2 31
729 401 7 24
871 282 13 17
472 422 12 12
120 300 13 12
950 740 17 11
629 22 13 14
517 888 17 22
541 809 18 10
638 705 3 18
266 623 16 34
414 450 14 9
650 123 14 28
571 633 11 34
596 989 19 7
724 71 2 14
106 603 10 16
800 150 20 52
882 340 1 12
579 8 9 24
103 273 5 25
185 63 14 13
398 576 9 8
179 128 19 4
578 61 6 22
992 804 8 27
495 393 14 8
52 634 5 2
393 539 3 2
986 126 17 2
941 154 14 1
29 371 16 12
415 459 4 6
203 379 17 23
951 227 4 32
632 183 2 1
224 318 18 11
104 154 13 30
673 710 13 8
684 581 18 31
173 490 6 43
131 575 19 21
227 745 20 35
169 988 13 10
843 86 7 41
677 400 18 23
665 26 19 17
277 804 11 13
828 649 2 11
399 973 5 8
311 951 1 12
252 74 7 4
852 845 12 2
831 968 20 11
37 815 6 2
754 951 10 18
778 50 16 29
835 439 8 21
678 43 7 13
142 622 14 6
521 480 5 18
308 334 19 16
32 503 14 25
356 40 10 20
901 772 7 3
547 349 12 12
482 613 18 6
689 820 12 7
378 785 4 1
942 307 7 13
421 646 14 3
517 763 6 13
273 371 15 3
191 992 15 42
899 126 16 24
457 942 6 25
325 823 20 63
221 797 12 13
225 264 19 16
840 395 8 9
787 87 7 22
696 191 1 1
633 105 13 11
899 554 19 6
216 474 13 51
931 201 11 28
336 185 11 28
672 670 11 2
774 435 17 33
47 711 18 22
453 999 13 32
720 110 11 32
774 663 4 27
991 17 12 33
560 990 11 18
618 46 18 2
731 110 17 17
577 999 3 25
114 107 17 14
212 244 8 13
647 459 15 51
404 192 6 1
545 135 16 22
5 312 9 17
952 36 18 29
644 298 6 7
196 409 4 6
425 408 19 41
15 868 8 50
645 621 13 30
777 720 14 11
108 377 7 36
216 181 5 2
240 989 18 30
38 870 11 9
319 997 18 23
497 691 17 4
973 905 11 20
474 234 6 30
562 502 20 12
802 573 15 8
794 878 5 42
787 738 12 53
580 102 18 3
198 427 15 11
92 365 18 1
487 89 19 3
366 669 9 15
977 600 7 28
123 983 2 1
319 963 19 19
878 932 7 7
362 363 18 15
669 99 6 11
537 921 18 3
369 312 13 19
390 779 8 10
246 938 5 26
798 736 20 7
48 504 18 9
46 337 13 12
5 326 11 14
617 942 5 33
515 310 8 6
248 99 7 2
810 251 10 1
95 880 17 13
21 363 10 27
283 90 3 3
77 971 1 11
320 481 17 38
333 964 15 14
468 400 14 29
574 744 15 13
877 668 17 39
493 352 17 11
172 711 3 21
977 508 11 27
552 924 14 2
848 852 7 17
913 767 11 12
257 690 18 1
559 842 16 21
637 183 9 13
213 545 3 30
460 507 3 10
389 200 20 25
55 271 3 20
200 153 7 9
616 1000 18 48
316 899 9 7
247 287 4 3
604 978 2 3
586 268 20 4
128 135 14 12
377 53 16 35
272 534 2 4
746 525 5 7
356 342 10 15
121 890 14 2
129 246 7 17
635 992 12 45
100 36 18 20
266 398 20 15
235 509 2 20
257 13 16 28
963 925 8 9
914 458 8 29
530 197 19 32
972 867 20 2
837 287 18 14
471 607 3 1
912 252 7 19
884 190 19 33
478 145 7 3
37 368 2 27
495 41 7 1
960 825 12 13
843 955 1 15
192 520 6 1
413 738 2 51
159 872 14 20
262 579 1 32
234 568 11 1
367 126 9 29
243 637 3 13
486 343 17 1
92 449 1 6
971 447 3 3
532 20 15 17
243 789 15 35
832 423 15 8
646 495 19 17
651 932 16 24
398 675 17 11
802 387 10 12
308 200 5 23
190 580 7 5
369 135 8 12
873 943 9 36
515 836 16 10
67 857 4 39
916 631 16 3
949 61 18 11
3 991 17 11
87 620 13 16
659 478 5 5
609 895 14 12
679 283 16 10
381 605 6 17
74 559 8 26
960 592 9 5
736 621 15 6
566 525 13 17
751 703 3 25
911 410 12 21
398 343 19 21
958 592 4 16
385 519 15 8
953 20 13 25
322 656 19 8
914 519 4 1
20 608 13 16
97 774 17 10
938 469 20 8
53 257 5 2
547 643 14 32
886 109 5 11
952 921 12 34
633 691 9 15
590 270 11 25
933 132 12 12
424 40 1 7
770 38 12 7
156 495 5 8
76 521 15 13
345 625 16 11
924 603 7 11
216 779 5 22
564 199 17 21
175 161 14 18
75 793 8 3
53 31 18 11
609 362 14 15
580 920 9 24
754 811 3 19
294 154 18 4
64 39 3 2
453 399 11 21
333 314 6 13
581 736 16 32
893 381 17 13
290 637 3 8
168 53 7 36
637 763 11 10
807 775 11 13
648 931 15 17
20 825 8 12
198 537 10 35
411 143 4 22
866 962 16 31
485 133 11 24
205 176 8 2
94 772 12 14
660 424 4 16
539 331 9 15
841 963 18 13
305 922 9 40
19 237 14 13
261 908 15 1
702 965 6 4
599 538 16 20
765 225 18 21
723 989 16 17
570 688 12 35
169 240 19 11
365 763 9 8
929 497 1 37
240 142 15 31
340 619 3 16
383 720 16 37
822 937 18 10
379 217 12 10
851 312 6 6
650 492 8 7
260 463 17 3
373 387 15 23
302 32 6 31
323 132 6 9
445 652 2 36
159 707 3 28
221 222 20 3
33 776 7 12
268 299 9 16
661 635 3 11
163 794 9 28
370 246 2 3
131 133 20 24
861 509 19 34
126 927 3 23
75 954 20 34
84 846 13 2
490 296 7 11
334 277 8 13
748 138 17 10
756 753 2 5
568 603 19 27
606 417 11 1
581 929 4 21
736 283 19 15
936 900 20 4
540 321 15 12
719 31 16 12
579 352 15 11
716 218 19 48
279 42 8 12
984 552 16 1
123 479 14 8
540 17 18 36
627 787 11 3
281 910 1 26
431 417 1 20
303 240 19 28
564 11 11 13
657 279 9 19
410 962 2 32
971 767 10 15
451 932 6 35
385 89 16 7
604 526 19 19
289 819 9 46
178 954 17 4
556 679 1 26
972 654 7 18
710 654 4 24
425 985 12 36
280 72 14 11
986 757 5 6
708 797 4 16
987 211 10 11
276 83 12 29
644 967 14 3
254 84 20 11
732 625 6 5
948 523 10 7
667 57 18 11
385 613 3 8
107 455 20 36
593 674 7 21
696 627 4 30
10 902 10 3
497 955 7 3
344 379 3 20
83 338 3 23
670 699 1 24
538 161 15 34
548 690 2 24
806 237 14 12
114 25 9 14
524 700 1 8
193 395 15 17
726 26 6 37
555 90 7 42
300 1000 8 11
