1000 7565
1 576 20 1
434 289 11 35
703 834 5 20
670 357 1 14
103 777 6 25
400 244 1 27
890 298 14 21
461 400 16 22
942 158 13 40
725 460 16 1
799 71 10 12
991 124 12 2
422 789 5 43
568 40 1 4
935 866 8 10
513 619 8 2
300 143 2 20
547 383 11 13
66 636 1 3
796 456 18 11
584 42 11 52
849 972 18 50
589 93 20 21
352 440 6 17
122 585 6 13
226 445 17 11
418 642 19 2
303 223 7 2
59 98 9 19
380 101 6 25
592 205 1 1
818 951 6 12
967 872 8 12
534 157 11 2
744 985 8 11
200 267 10 11
566 418 16 21
814 358 8 12
701 111 12 2
628 154 9 13
758 685 20 43
493 26 2 10
542 370 15 11
28 166 16 39
836 413 18 34
742 767 3 13
483 885 17 8
647 813 3 36
277 256 18 8
566 454 6 20
569 267 9 11
626 723 11 21
393 218 5 6
588 661 14 3
888 69 4 9
845 40 4 9
176 608 12 1
202 899 3 14
509 796 20 14
962 581 4 13
251 533 11 1
823 560 5 1
734 972 10 59
243 952 17 6
70 896 1 3
520 868 10 20
630 356 17 41
44 156 1 5
656 388 17 11
653 143 19 6
596 876 10 17
404 822 10 22
306 775 19 1
107 154 6 25
364 778 14 11
253 993 16 28
306 724 7 8
589 893 3 9
401 746 10 3
70 551 12 12
982 64 7 51
442 579 1 29
822 728 9 12
308 593 1 10
712 706 9 8
289 480 11 13
191 754 9 37
666 256 14 7
603 461 19 34
625 817 8 12
442 321 10 44
996 21 11 20
587 878 16 12
212 726 19 22
906 511 1 19
636 795 2 2
519 333 11 6
14 535 2 1
517 994 16 3
494 269 15 45
815 870 12 2
723 765 9 4
583 533 7 26
26 337 7 9
398 307 12 13
917 94 20 21
70 541 13 4
354 404 19 3
687 521 18 31
170 272 11 2
525 889 14 18
233 418 9 13
917 890 18 26
19 469 6 23
375 914 14 22
381 937 7 35
830 784 7 3
28 926 3 4
409 561 20 12
18 127 7 11
704 659 17 9
418 469 19 18
736 626 18 29
65 408 19 20
806 430 15 19
793 876 10 7
513 194 5 2
255 39 19 12
442 551 2 30
659 745 8 37
102 827 13 29
400 717 2 2
774 283 14 8
890 247 9 26
199 220 3 24
563 950 15 7
865 809 10 11
541 430 11 11
410 476 14 9
31 736 16 3
36 997 17 14
693 46 3 21
246 607 20 12
720 900 13 37
659 687 5 27
908 54 2 17
711 478 10 3
430 29 7 27
502 287 5 13
456 941 4 51
598 154 12 12
179 223 20 13
976 226 1 3
765 713 1 23
341 327 19 6
308 882 18 28
832 666 10 10
154 728 15 5
884 296 5 21
719 949 10 14
304 295 18 25
601 1000 12 3
988 755 19 33
413 78 12 8
904 610 3 31
42 268 4 2
311 388 1 10
389 48 4 9
496 816 1 4
204 779 4 24
584 465 10 25
401 759 12 29
359 250 8 19
451 804 8 45
794 915 11 43
105 401 15 16
794 27 16 22
247 756 13 2
992 117 17 15
313 683 2 13
687 439 20 25
670 631 18 9
597 347 2 13
298 741 20 5
186 57 18 21
355 450 14 8
953 151 2 8
738 453 7 6
741 10 18 11
846 208 6 28
616 549 10 3
853 794 5 31
488 248 2 2
42 428 1 3
48 235 6 10
648 385 11 23
505 263 6 29
69 276 14 13
256 357 2 6
280 757 7 14
571 80 11 43
932 967 13 10
372 674 2 11
726 298 3 26
52 892 10 21
49 730 2 3
761 53 2 37
880 609 10 25
707 62 10 9
56 298 18 1
600 282 10 19
130 999 5 53
139 833 6 2
865 385 20 3
320 697 7 12
742 362 4 20
655 952 6 7
361 847 20 12
873 169 17 2
695 638 16 1
702 326 2 15
755 317 10 10
89 170 11 7
975 215 12 3
423 308 14 52
735 240 6 32
638 656 18 32
30 792 3 3
384 619 10 2
231 774 19 38
413 818 18 27
155 835 8 13
18 269 1 33
585 882 16 1
276 414 2 29
181 654 1 7
291 201 15 27
477 419 10 3
858 815 18 39
328 917 9 29
26 382 4 8
895 722 15 21
117 956 10 17
795 563 7 46
772 750 11 3
790 588 19 30
790 48 4 27
13 164 17 5
66 216 16 3
265 728 18 8
84 707 14 10
149 422 1 16
863 946 8 24
853 387 20 17
16 606 11 9
631 34 8 36
772 969 3 11
868 602 9 12
992 362 11 20
67 973 9 12
925 919 11 13
824 154 17 7
206 118 14 16
839 734 11 37
617 211 18 18
265 546 16 28
594 44 12 13
625 713 15 2
435 284 12 2
938 456 8 32
279 619 5 48
281 365 10 17
474 449 8 14
606 331 2 10
264 107 16 10
160 531 7 16
423 118 5 49
809 46 18 11
964 842 15 37
935 783 19 17
699 87 11 2
26 803 10 11
329 207 11 8
688 3 4 39
745 641 20 19
104 148 4 21
134 674 15 13
214 392 15 7
367 353 9 17
853 130 4 32
428 171 6 1
497 435 14 6
666 881 16 13
937 213 16 17
631 923 1 3
178 355 19 32
786 113 2 11
111 999 17 1
189 90 10 5
628 77 17 31
294 542 18 36
183 766 18 34
154 655 9 15
703 524 3 37
831 788 8 2
359 685 10 2
172 364 19 25
555 828 14 12
677 198 10 33
511 678 10 16
396 290 8 1
138 774 5 33
348 147 17 3
41 431 16 12
946 940 15 15
370 790 11 13
263 5 14 14
608 253 3 17
784 379 3 7
764 714 5 1
333 1000 18 12
775 285 11 7
780 56 12 12
382 339 14 21
653 137 11 16
441 828 9 4
149 253 8 21
959 332 13 30
845 257 14 20
109 97 13 60
673 641 4 5
763 54 2 39
251 938 3 30
522 306 13 33
753 811 3 18
184 568 9 12
372 130 8 18
988 624 13 26
565 944 11 22
247 311 11 12
791 141 13 17
794 974 3 3
758 44 17 12
296 94 16 27
1 731 10 2
920 890 1 15
586 322 1 9
543 55 4 17
34 106 7 33
309 495 20 29
582 757 9 10
825 923 19 21
291 596 18 24
815 739 19 13
814 590 20 18
838 652 20 11
885 825 15 35
469 429 3 32
981 771 19 13
481 736 4 6
550 699 3 7
505 331 7 45
358 352 4 3
935 452 19 11
171 310 14 2
908 693 17 11
693 939 10 11
79 759 17 45
657 21 10 7
739 96 7 26
628 707 5 27
899 585 10 26
210 461 12 6
795 270 2 27
509 261 4 21
158 50 2 36
201 876 11 14
217 950 10 13
15 762 19 20
602 904 3 15
377 336 8 34
121 304 13 48
749 111 7 12
932 307 12 21
556 540 3 25
257 402 9 11
736 642 3 32
920 377 16 10
808 975 6 4
216 289 9 25
842 790 10 2
430 472 5 2
193 364 2 18
640 76 5 3
811 214 11 3
947 773 20 37
652 962 1 6
606 285 12 17
117 663 4 14
867 848 12 13
286 281 9 2
491 362 1 9
220 233 13 17
187 749 17 2
897 685 13 4
477 791 10 36
562 997 20 24
83 969 14 10
402 168 19 12
721 97 15 6
881 142 4 17
673 48 12 12
55 748 11 3
300 388 10 12
240 274 18 3
905 158 7 9
305 170 15 17
490 860 18 23
749 850 11 29
110 814 20 17
714 573 17 3
295 859 16 19
384 737 12 26
908 481 6 34
151 877 3 3
296 254 10 13
46 116 17 12
57 373 17 4
891 87 20 17
68 132 6 9
648 482 3 13
732 488 14 17
717 381 5 3
115 907 9 1
540 847 10 10
818 345 8 25
884 640 5 12
68 621 7 2
316 34 3 11
662 339 4 7
959 652 4 28
256 939 11 33
126 920 9 33
166 367 13 10
265 77 18 21
391 511 9 19
608 335 12 20
676 998 2 15
309 517 2 23
936 534 17 42
80 497 10 30
555 956 17 6
907 654 17 10
182 489 2 11
252 38 18 17
91 385 15 15
338 272 13 6
838 482 14 12
860 110 17 4
321 106 12 41
535 211 3 9
195 52 3 6
327 183 7 7
636 694 17 20
183 414 3 31
107 237 13 8
116 609 11 2
820 605 19 14
176 192 8 40
619 746 16 12
87 56 5 21
419 908 17 15
419 233 17 20
952 214 15 23
795 166 8 11
768 687 3 38
875 851 12 10
682 144 13 39
551 948 17 11
159 170 4 12
744 457 14 2
976 429 7 34
524 146 3 8
558 507 4 31
551 206 6 43
585 430 2 13
527 613 19 11
529 861 11 1
461 566 2 26
292 359 16 37
177 114 10 41
503 882 4 11
902 242 6 3
316 250 15 12
322 769 5 2
302 111 13 29
717 549 3 15
781 375 4 14
759 1000 1 1
532 747 10 12
85 605 20 23
892 371 1 13
175 483 16 40
837 471 7 14
80 900 11 17
530 419 10 5
262 598 15 3
431 176 5 2
51 240 19 15
463 488 13 13
441 307 4 1
61 495 13 2
33 711 15 24
215 11 4 16
840 587 4 18
558 848 18 30
956 228 8 35
282 175 6 37
422 35 5 4
989 367 15 15
724 376 14 32
465 374 20 17
254 989 8 25
348 776 3 14
435 616 5 12
155 914 14 36
703 263 4 18
952 735 19 5
901 664 17 15
241 254 13 8
369 812 11 29
598 675 3 19
298 582 16 7
239 772 12 17
940 583 7 21
588 490 5 15
84 985 15 27
908 233 2 5
872 686 2 2
410 596 18 28
913 468 10 42
284 184 19 7
631 15 20 3
322 742 19 14
660 163 18 43
453 588 19 31
760 615 3 13
976 736 14 6
915 727 1 24
916 688 13 25
172 778 2 36
951 180 15 7
398 448 14 24
960 824 19 37
452 264 12 37
628 499 6 30
828 533 13 2
714 96 2 28
944 735 11 2
569 875 6 16
612 382 5 2
567 222 4 8
786 908 18 5
238 53 12 24
354 325 15 21
369 350 15 23
105 330 1 27
14 588 8 3
214 491 7 13
730 558 9 3
81 389 2 20
159 513 19 11
925 497 17 3
901 189 3 17
104 454 19 3
539 959 7 19
266 422 2 32
663 321 15 41
103 685 5 20
705 746 8 25
425 892 12 13
430 384 1 36
515 957 20 19
15 241 5 37
442 271 15 2
995 210 9 35
226 618 13 40
546 488 18 1
180 142 11 11
518 752 10 45
744 769 20 15
582 471 12 13
423 456 19 13
601 948 17 30
576 966 20 6
932 302 20 43
986 741 8 30
103 15 16 3
751 800 9 32
223 176 8 12
769 698 13 24
310 63 9 17
138 813 10 37
662 176 20 11
738 914 20 38
715 307 17 39
601 76 9 27
245 314 15 12
866 607 15 9
294 856 8 27
370 375 20 22
689 185 10 20
900 43 14 5
894 367 8 28
337 585 6 11
747 422 14 19
603 43 16 44
65 771 14 1
488 561 20 20
673 637 7 3
467 673 5 22
68 43 9 40
498 902 8 2
343 119 9 3
272 198 8 5
86 635 7 52
840 416 18 2
310 402 19 15
455 107 11 7
202 408 6 1
887 57 13 13
287 627 19 13
477 472 16 13
271 715 10 42
826 589 14 3
189 729 2 13
717 284 3 2
319 764 9 6
407 318 8 13
48 845 19 37
74 818 17 3
815 655 7 12
900 611 8 6
704 598 10 43
745 855 2 22
699 66 12 1
203 375 1 13
233 225 17 9
457 602 5 11
835 295 15 13
254 701 20 1
100 966 16 2
253 279 20 3
605 591 20 9
972 279 6 47
975 927 15 5
735 814 12 9
519 601 7 38
888 218 9 2
6 314 15 13
763 233 6 27
757 186 20 8
574 775 20 10
314 874 16 30
575 479 19 13
53 929 13 19
187 967 8 37
738 661 14 40
963 845 18 12
728 864 4 17
691 158 18 4
136 700 18 20
54 481 2 17
579 897 13 3
777 254 20 23
688 454 17 3
786 104 19 19
628 40 18 33
552 929 6 12
643 689 19 2
118 167 8 33
61 679 11 39
702 545 12 11
263 328 19 19
852 737 13 29
594 67 14 3
321 202 12 35
57 538 6 12
135 629 18 15
251 684 1 3
349 605 18 12
74 624 2 15
53 556 6 7
532 777 17 37
238 820 19 30
230 695 13 22
231 309 1 2
363 708 11 32
867 71 9 18
78 856 6 32
484 259 8 9
751 196 17 4
114 284 2 24
49 294 13 8
474 834 12 22
590 445 11 56
999 330 1 2
903 813 14 37
563 657 5 20
895 54 12 33
746 1000 4 13
341 924 11 14
695 970 9 18
330 746 15 13
788 924 19 30
780 93 12 11
78 635 14 27
221 957 6 2
189 115 1 12
872 308 12 8
104 66 7 11
592 299 3 24
722 659 7 12
348 649 10 21
975 2 17 3
595 651 5 25
776 858 20 25
756 81 19 11
997 14 12 31
629 359 18 24
984 433 20 20
27 999 9 32
836 99 17 28
513 746 2 3
19 659 9 4
600 489 5 3
934 43 6 38
990 158 10 3
684 853 1 7
141 226 5 2
798 77 15 37
471 154 9 1
359 939 12 14
817 609 5 11
49 635 7 30
847 921 15 7
200 150 19 12
300 692 20 7
357 27 16 12
136 569 18 10
414 269 1 12
235 267 5 11
418 313 9 16
199 380 9 35
790 375 7 9
228 308 18 51
459 20 8 33
937 226 10 4
908 768 13 6
187 167 6 13
295 37 1 12
579 140 4 9
837 175 15 3
53 368 6 23
374 171 7 14
663 44 13 2
300 779 5 15
231 676 16 27
194 974 17 11
442 445 14 37
906 839 19 13
112 531 5 19
833 207 2 5
268 538 11 6
828 384 10 3
326 427 5 13
340 135 2 19
979 45 7 39
362 17 7 12
768 976 4 28
579 551 4 1
179 184 8 13
509 391 19 17
884 25 4 22
592 607 9 8
66 645 11 26
429 436 18 22
367 387 19 17
840 71 5 26
425 638 14 12
99 708 5 1
291 7 16 37
273 560 11 16
298 209 4 15
593 602 14 49
858 621 14 9
444 188 12 11
989 853 16 15
928 866 3 11
219 738 20 27
714 739 1 2
691 994 18 33
575 510 13 2
730 577 3 41
103 390 1 38
303 873 2 14
548 357 2 1
375 809 1 39
987 658 5 13
343 925 16 18
64 95 13 58
597 411 15 5
367 486 3 30
811 383 2 13
395 652 15 1
715 206 2 29
509 569 2 21
410 765 17 6
222 260 7 18
822 611 10 4
904 513 14 26
322 447 2 6
54 980 4 12
895 704 3 24
747 674 16 48
606 146 18 21
42 753 14 3
666 140 1 30
568 849 17 13
839 367 9 47
490 586 3 32
143 708 17 25
231 319 18 17
34 506 2 32
372 232 3 33
39 264 5 21
158 68 16 11
19 172 2 23
432 827 9 11
519 513 5 36
945 46 12 11
111 27 15 23
302 882 10 15
922 637 3 23
630 308 20 42
111 747 4 39
570 971 5 15
795 949 15 44
840 867 17 8
990 792 16 44
821 71 4 18
998 13 2 3
975 877 6 18
591 373 6 13
972 502 11 13
808 719 13 4
84 864 2 18
749 878 20 7
583 79 13 42
823 428 11 42
548 926 7 39
997 81 15 2
817 965 19 24
744 248 16 8
203 823 20 39
718 609 5 11
136 135 6 30
623 344 20 4
211 809 10 11
416 676 14 29
821 283 7 42
62 561 4 23
980 331 19 12
87 741 11 27
684 672 7 20
762 967 12 33
680 901 3 58
352 139 3 14
489 223 12 36
707 42 19 7
352 749 8 59
274 44 4 16
614 292 8 2
61 819 11 24
17 357 12 15
810 17 5 13
315 836 20 22
451 408 4 10
264 728 7 40
844 235 18 2
122 230 10 24
731 72 5 3
872 828 3 2
194 674 11 27
837 707 15 29
607 473 4 11
520 810 15 2
391 427 13 13
214 569 4 3
888 773 5 43
364 620 9 13
579 65 16 31
392 829 3 13
235 374 18 27
602 333 14 11
275 758 1 22
355 377 6 4
366 66 13 18
66 450 17 1
948 993 11 1
545 862 6 8
678 631 4 10
195 986 15 17
661 420 12 28
524 784 17 34
896 341 13 19
127 491 18 7
402 575 19 16
598 954 20 2
503 292 2 19
327 273 11 34
99 294 5 19
250 206 14 20
854 671 12 30
283 573 14 40
843 191 12 25
631 123 10 25
988 146 14 3
645 338 13 23
498 496 18 11
333 941 9 45
636 909 3 3
422 144 18 1
232 880 18 32
754 16 9 35
120 327 1 3
718 335 11 3
485 88 16 20
304 483 8 23
802 344 2 35
410 968 5 3
140 715 3 6
927 950 17 18
769 402 20 7
585 29 7 40
453 837 10 39
499 586 17 7
171 569 12 23
200 237 8 36
157 297 10 28
291 689 2 8
840 676 16 31
118 266 7 1
355 699 13 6
91 159 4 8
109 226 14 18
933 128 14 31
103 693 11 21
303 914 10 9
153 412 16 2
274 875 18 2
144 35 10 3
96 184 8 2
634 689 5 22
5 285 6 9
18 628 14 37
621 301 11 18
857 199 15 5
646 675 18 3
646 754 13 9
48 374 15 37
86 16 19 3
914 732 9 31
97 98 14 22
669 930 13 16
928 347 5 19
672 163 5 51
124 247 17 39
148 673 1 33
211 707 11 30
576 470 18 26
956 15 7 13
754 851 7 11
779 743 11 13
311 198 13 20
310 841 15 7
553 971 2 10
997 108 10 11
990 815 17 36
590 654 10 11
13 114 17 37
640 446 4 20
225 467 13 32
890 85 14 26
123 506 5 43
694 270 8 9
231 869 12 4
28 599 18 40
641 618 1 4
792 743 19 11
949 929 5 1
344 448 8 34
224 533 5 51
682 384 9 14
563 60 9 35
156 789 1 11
819 970 19 11
571 857 8 23
29 829 11 3
763 549 11 32
517 242 20 10
421 507 4 5
631 316 15 25
965 446 4 9
731 647 5 12
5 294 14 10
104 626 9 2
846 549 15 31
602 534 4 9
20 137 17 27
671 254 10 13
411 997 14 16
768 226 12 31
873 110 1 36
173 526 16 29
831 286 4 24
568 457 3 6
400 958 13 11
46 308 3 34
317 890 3 7
85 556 6 10
79 767 7 13
517 676 20 2
679 792 19 12
102 178 17 12
243 447 2 23
856 695 13 27
360 827 14 29
730 802 4 8
703 137 10 9
67 205 8 12
592 82 9 21
925 717 17 9
936 547 19 1
112 598 11 59
52 344 6 3
420 586 12 16
931 296 4 2
57 597 1 1
392 44 17 26
498 868 2 1
922 653 4 41
17 685 15 30
172 234 1 36
901 486 1 12
137 893 19 26
801 480 2 43
986 289 20 30
666 629 17 2
308 430 17 40
343 933 19 9
455 845 13 43
754 765 19 18
750 444 18 17
342 878 10 11
209 338 6 11
677 711 12 31
807 167 6 4
773 179 16 24
490 265 16 5
107 666 2 11
232 999 6 38
572 158 4 35
641 743 5 30
161 455 8 14
599 383 11 37
211 463 20 29
11 964 9 2
642 59 9 10
493 275 4 6
667 628 11 30
4 512 20 5
353 583 8 1
967 251 20 22
452 223 1 43
942 813 2 43
923 129 4 13
977 245 4 32
394 518 7 10
947 69 11 3
402 698 2 17
178 917 11 15
199 739 10 32
748 916 5 20
711 658 1 11
159 740 14 22
577 298 16 35
383 608 2 48
476 45 19 22
389 837 19 20
227 747 1 40
238 838 7 19
308 599 13 3
30 930 10 8
606 802 5 21
136 460 4 24
512 217 14 36
526 933 7 1
343 293 9 13
443 886 7 16
87 671 12 32
12 653 2 2
5 988 14 10
887 57 15 13
532 34 8 48
954 754 2 23
504 365 18 3
319 571 7 8
346 249 14 13
868 80 14 37
602 163 11 17
543 571 6 25
200 223 1 24
591 489 12 23
331 378 8 32
655 885 11 21
515 141 10 22
769 700 1 23
548 878 20 24
282 910 18 13
255 453 10 14
894 430 6 3
753 742 5 23
138 61 17 24
273 837 5 18
434 94 15 4
885 590 16 18
561 460 17 16
101 704 4 4
640 965 20 11
406 812 17 14
442 73 2 3
30 679 6 43
520 283 18 35
482 338 10 11
829 608 17 18
473 342 20 28
145 779 19 15
512 25 16 34
268 402 19 19
727 705 15 33
495 794 9 13
112 786 7 3
865 338 17 4
319 314 1 13
456 513 15 36
264 465 11 29
388 928 15 14
802 848 2 25
156 168 17 47
649 857 13 33
189 712 14 19
397 71 7 25
166 224 11 3
13 857 12 3
452 276 12 14
748 622 5 14
812 296 11 20
818 570 15 2
496 793 20 37
380 916 11 10
449 135 18 12
524 553 7 26
688 54 5 3
689 312 16 33
376 266 9 11
148 439 4 34
964 426 1 17
33 644 13 18
458 10 10 2
514 635 16 33
551 441 20 1
707 814 9 22
323 692 11 10
981 386 1 5
584 77 15 49
714 916 4 15
945 967 2 25
756 270 18 2
772 556 5 13
258 277 13 2
616 193 20 36
952 814 16 14
743 86 7 5
261 139 12 17
377 582 9 33
378 87 1 25
238 975 15 28
249 880 14 29
56 209 19 16
937 745 14 21
153 985 17 11
848 355 5 13
448 582 7 6
467 204 6 20
370 190 19 17
334 607 16 10
934 792 6 28
766 437 6 38
270 951 15 25
420 458 4 1
49 212 9 31
132 301 12 11
800 508 9 14
715 314 12 1
284 549 3 13
623 317 14 9
290 630 2 38
688 24 19 12
718 287 13 52
525 349 1 20
796 811 3 1
365 303 20 17
332 996 6 19
717 688 3 19
958 154 10 11
660 232 12 26
992 460 10 15
246 489 1 11
191 521 11 36
847 155 12 17
744 952 8 2
663 777 3 38
294 366 9 30
65 506 14 24
573 530 7 3
768 659 18 11
547 79 12 45
18 161 11 4
554 244 7 19
436 137 18 15
837 84 16 19
252 326 8 26
221 485 7 20
542 450 8 13
385 198 3 12
168 236 7 6
377 559 20 24
969 98 6 20
321 35 4 12
615 745 2 41
578 212 11 35
356 547 20 28
835 264 15 10
997 790 18 4
436 98 12 11
944 985 10 6
680 153 18 1
867 868 19 27
198 205 14 17
30 80 2 43
667 798 1 24
849 302 18 2
516 658 15 42
848 94 10 17
451 167 5 1
472 965 6 27
43 96 2 21
318 516 9 20
191 620 15 35
701 149 17 11
463 864 1 9
367 674 5 13
977 30 19 27
731 92 1 3
962 67 2 22
981 91 1 7
23 90 3 12
396 6 11 21
985 391 2 13
636 247 4 25
919 760 9 1
314 29 19 13
595 957 17 17
691 799 12 15
36 38 19 4
584 837 3 16
523 634 18 21
460 851 18 12
441 106 5 3
403 514 2 36
448 889 19 13
973 790 14 18
926 899 7 34
64 119 6 26
766 463 19 39
488 880 19 12
366 407 19 16
511 697 8 16
562 81 8 26
147 572 15 7
632 430 5 13
323 152 11 14
455 873 11 15
188 328 10 32
173 429 11 11
880 144 15 10
560 437 20 29
298 652 15 14
26 511 5 15
309 210 19 32
311 288 17 31
424 491 19 11
956 777 1 35
309 947 8 37
453 223 6 25
124 741 15 39
313 642 1 38
159 415 12 22
386 652 8 6
989 734 11 5
764 199 2 30
254 683 3 2
590 292 13 16
972 422 6 39
757 951 5 17
483 51 8 16
913 718 18 11
682 941 6 53
603 611 10 35
72 611 20 11
697 879 16 4
710 989 6 46
126 939 12 12
221 687 10 14
687 478 11 11
393 900 9 3
685 34 17 16
475 298 8 34
259 4 11 33
202 599 3 16
111 297 18 2
860 769 20 20
623 761 8 8
205 545 18 9
951 32 5 22
469 3 2 17
769 37 11 7
176 456 4 33
576 691 8 2
199 83 11 13
319 173 17 39
657 600 14 9
274 260 3 12
143 77 10 11
412 961 18 11
972 157 13 9
603 293 15 4
732 40 7 11
893 507 14 36
348 810 6 19
338 478 20 12
689 360 13 35
478 657 10 10
523 772 6 13
451 849 12 33
932 585 3 3
393 895 19 11
184 225 4 10
674 948 19 3
621 380 16 36
878 456 18 11
719 889 14 2
640 163 7 18
363 474 13 6
836 522 10 5
50 114 1 7
667 107 13 18
935 21 10 13
652 644 15 15
32 835 10 24
307 367 15 21
130 965 10 25
990 774 9 2
342 287 16 11
943 330 5 41
675 765 20 24
904 737 8 28
263 834 12 2
77 153 19 2
951 561 7 13
690 626 2 1
281 8 14 31
118 800 16 3
596 201 2 3
398 648 3 25
788 935 8 6
928 341 16 11
718 789 15 38
260 357 10 20
558 195 4 31
954 12 20 34
306 126 2 11
796 402 11 1
225 550 16 12
184 454 9 13
411 370 15 7
690 675 6 1
309 869 10 2
187 899 9 2
750 410 19 15
181 666 8 23
587 681 19 9
501 210 8 32
393 435 15 22
451 176 5 53
468 220 17 50
738 200 13 7
85 305 12 8
826 574 10 1
179 786 16 4
530 895 20 4
325 477 7 8
110 37 14 23
566 225 19 17
550 963 8 8
69 497 20 16
762 506 10 45
444 413 7 35
557 304 12 26
53 927 18 9
570 195 14 13
665 593 14 2
996 60 2 28
537 250 5 47
814 859 20 13
563 219 20 10
560 845 7 28
655 214 16 30
386 159 17 10
95 787 1 12
681 987 10 12
916 9 19 27
350 624 8 34
272 246 15 17
987 23 19 24
163 513 17 24
27 47 17 2
130 533 18 12
871 161 11 1
169 304 2 20
772 484 14 6
577 441 3 11
745 523 9 3
409 503 7 17
296 920 15 17
134 858 14 36
926 451 10 11
182 921 18 8
568 493 7 22
295 51 2 14
299 798 18 29
85 139 14 11
544 362 16 21
956 196 10 11
575 511 10 5
817 880 8 46
658 382 13 11
539 8 9 12
416 821 19 6
451 599 7 25
932 118 10 27
211 374 10 27
545 200 3 9
584 565 14 34
658 567 16 3
167 682 8 32
812 724 9 1
579 28 2 26
663 290 6 9
335 881 7 7
455 237 20 15
786 549 6 15
158 998 20 3
433 642 11 5
821 492 9 12
265 936 13 13
313 315 6 35
963 645 11 26
809 753 15 29
865 563 6 6
227 384 20 35
382 181 19 2
347 997 13 8
823 732 19 27
615 659 4 4
16 964 17 13
131 319 2 19
425 85 3 33
908 239 5 53
505 165 11 10
522 4 9 22
467 922 15 2
534 881 13 47
488 961 15 7
473 670 17 2
679 865 18 12
239 641 1 20
618 259 16 8
186 928 1 16
648 2 14 13
375 581 2 24
209 950 1 20
214 405 9 63
223 824 5 22
571 199 6 28
635 755 17 11
762 863 2 23
15 749 3 18
912 183 19 2
872 387 13 37
127 117 18 11
692 980 4 36
810 164 17 37
818 931 3 2
128 54 20 9
417 686 14 12
236 166 15 31
264 824 4 28
375 823 20 26
243 483 20 12
821 158 16 35
730 983 2 15
180 738 17 24
526 717 9 19
890 970 18 22
728 295 17 25
799 587 18 4
385 257 17 11
73 396 19 8
446 609 7 38
275 115 16 10
10 811 14 31
197 354 6 6
170 180 5 11
965 993 10 3
133 95 11 28
286 790 12 14
370 303 11 35
469 646 6 31
344 946 19 13
739 477 6 6
786 898 4 38
272 831 4 2
689 558 10 36
232 674 16 11
585 508 2 42
960 809 7 39
449 49 13 22
976 234 17 38
679 301 17 2
598 300 10 24
276 871 7 11
607 200 5 11
591 38 12 21
857 164 18 2
597 32 10 9
918 136 15 12
47 674 18 1
4 413 19 7
138 905 11 25
533 852 20 17
734 672 2 23
932 166 18 32
280 33 15 8
222 684 1 11
382 555 9 17
90 569 2 1
703 578 5 30
733 910 19 21
908 104 11 14
426 36 6 4
485 653 9 39
598 204 19 15
902 461 5 48
229 234 3 3
854 336 4 28
19 837 16 12
117 614 7 6
322 885 9 3
428 796 9 17
415 347 19 20
107 837 19 10
382 258 20 22
80 611 18 23
765 689 13 6
172 642 13 36
263 988 17 24
477 768 14 24
507 366 1 1
994 882 15 13
471 458 9 10
354 679 11 6
991 398 14 13
675 721 15 3
260 685 1 35
806 266 4 47
154 257 10 31
884 639 12 33
90 115 20 7
784 111 13 12
569 612 9 6
138 470 9 14
180 973 6 13
114 760 13 17
82 732 17 60
631 500 6 1
147 517 11 28
108 544 18 5
584 873 9 14
649 319 3 2
282 798 12 30
211 175 16 4
483 814 9 8
660 972 7 28
454 326 5 11
121 901 3 1
793 830 10 38
42 586 9 3
324 152 16 2
367 431 6 17
21 912 1 8
350 623 8 42
766 458 6 35
933 722 16 28
8 584 13 3
668 460 3 10
955 225 19 36
260 670 16 6
85 33 1 6
418 736 15 22
254 227 10 1
676 947 7 12
504 581 17 31
514 350 17 3
344 854 6 13
607 766 5 38
969 137 19 24
528 379 19 2
210 443 12 10
479 396 20 13
771 593 17 41
284 908 9 3
831 594 4 5
175 471 13 11
395 303 20 12
250 118 8 36
263 625 13 1
258 697 5 1
93 861 12 13
772 152 20 16
153 108 1 21
916 381 3 9
29 534 7 1
819 343 2 24
461 43 2 10
650 816 1 14
580 881 3 44
803 73 8 17
496 263 6 25
333 446 10 8
853 519 3 52
486 130 7 2
386 656 11 8
301 895 8 23
690 778 5 1
270 962 11 11
541 288 4 14
129 321 8 12
453 211 5 38
404 955 11 22
190 873 10 32
63 26 14 4
421 398 16 24
91 482 4 5
307 456 4 13
885 391 15 8
518 316 13 39
776 902 6 24
411 744 6 12
362 396 13 17
723 291 17 2
179 54 16 26
1 397 18 5
629 316 20 31
329 277 4 16
179 95 8 2
265 845 11 14
324 291 16 8
138 197 18 11
700 44 19 20
374 483 1 17
314 254 10 19
123 967 6 31
160 148 18 40
855 369 3 31
91 70 3 20
839 431 1 2
490 420 2 16
74 230 15 21
703 737 5 11
2 656 6 1
18 680 13 17
942 676 17 28
153 814 16 16
228 710 16 2
580 904 11 3
977 869 10 6
167 533 16 26
614 335 1 13
615 226 15 24
214 274 3 17
820 644 18 15
295 391 10 14
669 177 18 24
866 18 7 23
960 107 20 19
254 118 8 25
500 923 1 2
260 140 9 37
518 321 2 42
162 21 20 18
194 746 9 1
530 195 20 13
139 678 8 14
947 552 15 4
81 910 8 19
969 188 20 20
766 107 14 1
858 748 1 45
307 800 1 3
812 755 20 35
683 422 6 2
223 48 19 3
67 997 6 26
629 579 8 19
123 251 18 2
910 251 17 12
956 321 7 38
740 236 8 13
504 299 16 3
698 320 4 8
848 755 16 5
807 585 2 1
202 807 6 39
698 394 2 6
518 674 3 11
613 649 19 2
622 996 16 11
430 817 8 5
390 850 7 12
858 13 18 12
705 619 15 13
955 221 14 52
826 406 1 3
588 471 11 22
194 287 10 3
761 732 20 13
305 482 7 2
482 788 20 21
732 568 17 7
455 471 18 31
165 201 7 24
457 447 7 17
791 109 11 1
902 930 10 1
108 51 9 3
638 677 18 20
822 220 18 10
245 858 1 3
975 929 11 15
986 450 5 3
759 705 3 26
102 624 12 29
191 459 18 6
45 524 11 14
843 646 14 2
416 543 14 2
830 891 1 6
555 663 8 3
440 17 12 11
695 981 18 20
776 13 13 37
164 815 12 22
153 228 4 11
498 621 9 22
677 950 20 31
885 561 3 10
548 839 3 37
741 305 7 8
370 222 17 12
571 720 15 23
68 325 19 33
54 976 17 17
263 713 15 3
410 836 3 3
710 751 4 3
666 396 15 3
558 911 19 26
635 920 11 13
391 240 3 15
764 846 4 3
815 95 16 30
536 987 6 4
459 364 19 16
528 892 7 22
463 683 5 11
814 544 3 10
630 250 19 3
11 847 9 19
170 633 4 8
281 607 1 1
825 629 1 12
7 312 12 4
75 493 8 8
133 526 9 11
823 628 3 5
52 550 7 5
528 695 18 20
253 335 3 3
474 713 8 23
461 760 15 29
554 145 4 12
290 715 18 32
613 443 17 31
787 346 13 35
804 807 2 3
444 708 3 30
969 263 15 33
365 107 11 23
573 919 19 22
523 403 17 34
373 82 16 24
983 542 8 26
209 541 5 19
742 427 3 10
689 512 5 23
523 675 5 13
827 507 6 3
248 257 13 3
50 611 15 16
803 758 15 7
940 800 20 46
255 871 19 21
373 504 3 24
85 311 17 12
849 547 11 16
496 436 14 1
58 244 2 9
648 820 8 12
860 77 12 3
257 841 3 3
419 843 4 29
640 144 14 43
776 71 13 14
775 876 20 3
969 703 6 15
302 387 10 16
168 451 3 13
137 834 17 11
464 372 9 2
554 466 18 30
177 748 1 37
652 896 16 19
373 120 9 5
350 911 7 32
874 686 6 11
219 38 11 20
968 476 13 6
873 154 14 17
229 222 5 12
638 719 19 28
110 488 19 7
387 580 4 42
661 628 1 7
711 591 2 2
919 73 15 11
396 923 9 8
542 648 2 37
755 967 14 12
393 566 15 24
675 23 7 8
286 183 17 7
374 62 3 12
401 727 8 22
267 1000 10 36
178 570 9 7
685 945 11 11
513 1000 8 2
799 71 17 12
996 738 11 30
833 17 2 12
830 623 15 8
186 633 5 13
516 864 3 19
385 782 7 6
412 664 5 18
436 143 6 5
506 431 10 37
455 499 6 49
906 758 3 22
944 402 9 17
17 762 14 33
136 698 5 21
604 396 13 24
871 150 14 6
527 458 18 13
492 468 8 31
639 87 12 19
507 996 2 13
95 278 16 22
604 473 7 18
618 45 2 42
932 727 16 13
2 887 4 18
858 857 4 15
949 831 14 8
658 771 9 13
413 802 8 16
214 127 18 6
450 883 13 26
687 145 5 31
392 207 13 20
80 112 19 33
752 630 20 3
994 61 15 1
615 193 15 30
84 62 10 19
506 734 11 10
351 619 20 25
669 720 8 31
304 153 14 15
835 667 3 2
745 539 10 12
236 946 7 23
596 730 14 17
823 709 11 5
463 171 3 12
590 442 10 19
426 912 5 13
702 255 12 5
693 752 8 10
851 678 15 5
34 390 8 2
378 801 14 22
127 362 11 16
289 820 19 9
639 216 18 21
71 934 4 30
731 799 14 16
694 85 9 5
237 235 5 1
774 133 10 36
470 872 2 13
25 217 14 2
235 437 2 28
76 789 13 14
696 648 2 13
544 729 11 9
117 548 17 31
752 705 2 11
294 920 16 35
788 452 6 17
314 804 9 1
599 111 3 39
851 579 9 28
47 705 5 15
976 987 1 20
597 334 11 4
724 74 12 12
106 167 9 37
704 466 5 23
387 938 6 3
985 529 7 11
522 312 5 37
217 726 14 24
458 845 13 2
104 418 13 4
784 345 19 10
553 212 10 2
991 854 2 16
657 997 16 20
794 157 3 27
876 169 11 13
675 97 5 9
508 674 6 1
519 759 4 53
633 286 8 20
378 695 1 30
373 334 3 1
144 789 18 42
252 116 12 11
186 478 16 13
888 530 11 2
434 695 16 13
127 431 13 11
665 253 11 13
494 365 5 14
50 916 5 23
171 861 3 18
118 940 10 12
908 19 9 13
910 223 2 7
455 110 19 51
50 900 19 10
194 351 7 29
533 232 13 3
801 808 8 33
390 686 16 32
967 853 2 32
734 938 6 30
936 682 6 36
61 283 1 17
656 368 11 15
725 320 1 6
473 359 20 29
875 320 9 3
361 592 14 15
716 546 3 39
473 537 15 1
256 749 14 22
569 320 6 19
48 707 19 40
808 711 15 27
267 287 1 12
417 166 5 20
70 162 7 7
758 445 17 44
928 426 1 9
10 295 13 19
998 792 12 38
757 865 5 5
315 642 5 3
327 504 11 16
109 642 11 1
442 316 4 41
255 18 1 18
870 343 2 3
450 645 5 25
710 849 17 1
992 340 17 2
670 715 5 37
828 683 2 34
924 946 2 11
78 891 18 37
639 726 18 15
527 902 13 30
573 220 16 11
914 943 13 13
181 785 16 22
612 832 1 17
83 143 13 24
900 380 8 3
558 146 11 5
770 611 18 10
565 374 4 8
860 499 4 2
300 703 17 21
726 756 13 33
940 387 16 20
267 1000 1 36
101 898 16 29
651 618 15 37
871 680 8 14
969 291 8 11
966 799 1 11
426 32 16 6
141 642 4 37
716 290 15 11
238 656 6 32
471 248 1 29
417 307 20 9
768 193 13 37
96 615 20 11
971 246 13 12
421 195 16 5
669 619 1 13
212 827 7 3
404 43 6 25
328 378 10 29
456 105 17 8
22 599 9 13
60 580 19 13
62 488 16 3
984 536 14 3
979 625 12 35
964 120 15 22
505 826 5 34
999 144 17 4
212 848 2 5
861 906 11 1
45 884 8 16
721 650 17 6
80 343 1 9
310 51 19 17
480 665 2 11
505 201 4 34
183 862 8 6
893 524 19 2
101 787 5 1
820 949 15 12
618 804 8 12
803 897 20 46
988 421 2 24
72 492 14 19
97 692 8 3
256 316 11 26
448 336 17 7
46 441 17 24
588 508 19 11
702 21 3 3
776 571 8 17
770 900 5 4
369 86 5 1
429 637 7 3
584 463 10 44
689 525 11 13
802 93 13 2
622 760 12 17
15 967 19 2
700 604 4 2
418 315 19 51
828 232 1 3
843 687 17 30
56 738 1 12
426 600 16 7
30 354 6 37
649 55 20 2
964 36 6 21
296 623 17 16
896 60 18 30
510 139 12 5
17 6 8 26
678 666 19 2
997 375 10 13
570 635 10 6
305 385 16 12
459 234 5 27
391 115 12 10
304 707 7 9
605 252 8 13
355 761 13 1
572 990 16 32
151 57 14 19
821 197 19 12
722 616 1 2
133 916 15 24
990 132 17 23
85 975 4 7
525 440 9 11
307 113 1 38
647 498 10 24
751 472 14 19
265 471 4 2
581 304 10 25
299 107 16 23
904 601 4 28
110 40 8 1
204 762 2 11
319 132 19 42
175 84 4 16
731 501 10 8
38 200 20 14
494 276 7 4
865 151 20 5
844 318 20 1
912 871 7 15
942 470 14 20
207 6 1 33
474 331 5 36
426 281 2 10
61 321 7 13
37 612 15 12
41 312 3 14
542 963 20 12
622 895 8 1
329 555 4 9
526 73 17 13
870 916 9 24
302 534 5 55
440 396 17 16
432 117 7 12
277 6 19 25
634 403 4 13
897 228 7 9
577 345 2 3
850 593 14 36
653 165 2 6
599 353 12 26
383 330 13 3
166 302 14 11
703 512 14 27
381 549 20 12
542 298 13 35
357 314 16 24
386 719 18 4
489 299 4 17
675 703 20 26
523 765 13 37
212 917 7 1
262 300 1 27
146 699 3 44
577 216 7 15
471 640 13 12
204 646 17 1
770 380 13 7
367 508 19 1
217 856 14 6
460 670 10 18
856 532 8 13
465 483 15 34
193 721 6 30
119 229 20 46
354 611 17 29
830 434 4 15
779 165 7 5
295 544 17 16
373 38 10 8
703 793 3 30
211 412 9 38
544 90 17 1
177 822 4 46
373 60 20 13
155 862 18 4
345 694 15 32
573 622 20 6
645 386 7 5
295 189 12 12
935 36 16 12
40 75 5 10
865 896 20 11
303 709 18 18
449 818 7 44
725 670 9 19
761 694 6 29
337 260 12 17
297 422 15 2
314 701 1 20
109 987 6 35
334 702 9 1
988 126 14 2
880 727 19 19
281 766 5 39
941 267 12 30
414 557 16 8
605 782 1 3
305 338 4 13
419 660 2 13
80 389 15 11
569 832 16 23
685 710 14 7
995 61 16 30
892 53 17 23
315 855 3 7
926 308 3 33
571 886 20 35
434 377 18 4
207 396 8 12
561 340 8 3
700 274 19 4
972 144 9 40
248 712 4 33
312 884 16 2
636 280 8 23
715 166 14 50
38 746 6 12
52 216 3 16
155 997 17 1
466 429 6 37
765 476 17 3
72 61 2 32
508 881 11 46
913 649 9 10
266 438 8 15
680 809 15 28
648 808 10 6
855 981 18 11
854 395 15 33
626 968 11 22
439 765 18 25
636 53 14 28
208 313 13 27
96 101 4 2
489 504 12 14
406 730 7 11
813 603 11 4
612 500 10 36
743 137 7 2
469 191 14 3
805 225 17 2
652 215 15 1
103 579 11 13
361 415 13 2
251 224 12 3
754 689 7 24
112 160 5 3
616 31 18 30
529 392 20 10
932 206 19 11
909 981 8 20
349 940 13 13
739 763 20 2
898 626 8 36
913 495 14 26
71 720 4 26
316 932 10 21
330 267 12 46
622 400 10 10
587 68 15 36
378 317 18 19
524 209 9 12
593 683 4 18
293 95 19 12
457 37 20 20
711 198 7 2
970 33 18 10
570 891 18 16
590 706 7 15
495 857 2 17
114 160 20 22
98 514 14 26
148 745 16 19
137 45 2 14
332 951 6 18
219 740 2 2
162 341 13 15
889 962 10 6
310 358 16 21
643 86 19 10
756 563 12 21
582 877 1 23
158 813 8 3
207 129 20 33
587 669 4 3
949 605 12 2
446 737 2 24
132 404 3 6
322 115 15 21
435 515 4 18
179 554 11 10
572 24 18 11
347 849 16 13
737 674 8 27
444 826 18 29
758 339 5 11
167 794 19 13
633 928 5 3
515 688 9 1
961 561 4 13
814 337 14 21
773 769 12 12
934 573 12 24
428 488 16 2
157 759 2 47
135 946 17 11
975 385 11 13
701 943 12 2
381 912 8 11
272 996 11 3
657 426 20 2
325 497 16 15
616 805 11 5
33 872 10 11
761 883 18 33
561 222 18 10
388 935 20 15
926 65 15 1
539 695 19 16
840 372 18 13
484 567 7 13
863 989 5 27
595 745 6 39
915 974 11 27
972 519 16 3
507 542 12 7
659 244 12 3
857 886 6 12
294 802 16 3
20 834 4 38
762 686 12 47
237 175 2 5
390 894 12 22
742 604 20 13
593 167 13 20
933 908 12 23
427 833 5 10
419 208 12 22
880 746 16 3
427 460 3 5
508 192 10 2
496 765 11 5
834 388 1 12
224 747 1 11
683 608 18 2
739 112 5 16
581 860 10 35
626 836 8 22
799 994 13 18
24 553 2 3
210 654 9 13
702 372 14 12
501 858 8 31
274 511 10 1
819 900 20 32
490 154 11 8
618 406 5 45
216 85 20 25
520 164 20 39
385 597 1 22
398 890 12 2
838 455 5 12
466 439 3 38
369 99 8 12
192 718 13 34
409 907 5 21
251 486 7 40
128 31 14 29
671 385 5 15
180 935 16 1
533 513 1 44
44 785 17 2
184 768 15 2
460 271 9 13
16 7 2 18
416 319 15 19
966 697 16 12
560 958 14 6
978 134 10 1
259 98 1 16
924 155 7 1
643 793 20 28
517 621 14 27
852 502 13 2
928 326 11 26
283 313 5 3
446 287 12 2
707 111 7 12
508 767 4 16
277 752 3 40
56 889 17 15
315 167 9 11
293 112 8 11
574 122 12 26
466 976 3 3
416 61 20 31
384 253 2 29
306 285 18 8
233 104 4 9
952 796 20 19
939 408 4 32
722 208 19 2
816 261 8 13
66 820 5 37
96 313 15 32
641 476 12 24
790 864 13 12
244 487 10 17
527 647 7 4
688 485 18 36
289 53 16 3
932 106 3 23
666 879 20 2
122 379 15 28
963 719 3 35
631 241 8 40
863 417 6 12
963 892 10 8
706 357 5 25
683 513 7 3
100 867 16 7
284 481 8 37
991 963 14 13
123 863 1 21
689 696 10 31
676 990 7 9
113 519 10 35
638 91 13 26
846 919 17 20
369 16 16 4
934 199 6 1
837 10 3 26
934 530 6 37
265 154 12 3
335 47 13 20
697 579 9 23
555 103 10 16
780 102 5 3
227 972 10 20
881 47 9 13
430 486 18 2
599 372 2 23
850 599 5 29
936 431 6 3
394 863 10 11
552 603 5 3
961 700 3 25
141 424 3 14
124 508 18 13
239 745 12 1
536 364 15 11
898 191 16 6
557 297 6 11
617 352 20 11
640 384 2 18
45 512 6 4
336 349 18 8
400 58 12 18
324 643 16 14
841 833 13 33
213 324 7 34
404 218 3 23
152 496 8 3
353 157 19 41
100 572 6 7
71 177 14 19
820 89 9 9
352 362 13 16
715 408 17 36
310 590 13 27
125 923 18 21
699 559 10 22
770 435 20 23
910 389 4 1
798 789 13 11
976 523 13 23
853 938 5 20
584 798 3 12
416 652 5 12
607 842 7 9
484 596 1 40
608 880 8 3
564 867 12 3
229 433 7 50
220 916 15 1
735 409 10 7
491 510 6 2
184 481 10 30
562 862 16 27
344 238 13 17
400 595 14 22
654 500 13 25
683 383 1 12
347 738 3 5
718 502 20 39
991 539 15 3
113 192 8 42
164 934 17 2
215 89 8 8
975 889 13 2
139 442 9 8
977 242 9 37
44 277 15 2
744 561 10 26
867 676 4 23
215 924 17 51
1 982 5 1
441 167 18 40
479 17 16 8
946 224 10 11
662 532 19 7
64 354 2 18
949 198 3 11
748 461 18 2
421 755 13 9
49 724 10 7
193 772 3 27
989 804 18 26
367 196 13 15
59 373 8 13
812 635 16 24
843 598 12 37
250 166 12 41
664 337 15 17
15 202 13 3
972 456 17 3
211 628 4 3
871 823 18 29
821 30 9 21
371 608 8 45
635 355 20 19
608 941 17 27
763 43 3 3
692 259 17 3
373 758 18 11
167 383 13 10
312 553 13 26
519 718 12 41
958 62 12 34
513 116 6 14
912 414 15 33
633 180 4 3
547 297 17 3
306 25 17 28
70 57 9 16
948 705 9 11
794 157 7 27
407 559 18 23
96 898 12 31
601 76 6 27
554 791 18 17
984 785 6 11
785 140 18 31
160 225 11 19
773 462 11 1
921 82 3 17
856 761 5 15
919 225 13 15
792 69 14 2
433 300 18 8
732 546 9 16
96 148 6 33
205 382 9 11
126 827 11 24
675 188 20 31
19 485 1 37
148 551 10 12
769 447 12 4
167 794 1 13
576 840 13 3
61 858 19 4
252 82 5 33
561 261 20 2
570 726 6 29
600 150 14 27
862 910 14 18
620 496 1 15
211 716 11 2
762 123 19 2
972 333 12 9
695 238 10 1
771 874 13 14
719 640 5 11
104 424 18 35
769 529 18 7
24 784 20 11
257 544 1 15
810 64 15 31
403 834 7 25
226 954 16 16
975 332 5 4
176 287 4 12
54 984 7 30
43 786 16 14
574 812 17 16
566 989 20 11
296 507 9 11
572 571 9 21
441 356 11 9
906 392 14 8
311 246 8 32
243 248 6 12
411 203 5 16
433 723 15 23
164 50 1 25
321 752 2 3
904 627 18 12
332 70 14 14
380 293 13 2
308 251 2 2
815 133 10 2
657 912 9 15
72 309 19 5
68 773 10 26
172 424 2 13
128 791 19 10
303 565 9 34
731 840 18 2
232 852 10 14
389 420 5 43
441 751 16 33
583 974 6 13
331 178 19 17
976 141 15 1
399 514 17 10
106 941 10 13
742 274 1 15
674 627 20 41
924 18 11 9
963 247 2 28
693 65 14 23
622 925 17 3
455 463 12 45
161 581 11 26
72 197 20 19
585 130 9 17
380 96 18 23
552 621 16 9
932 593 9 40
316 321 2 3
659 984 9 30
986 970 20 26
94 986 17 1
950 341 16 17
716 457 14 36
99 936 16 13
122 528 1 26
957 481 12 2
430 192 3 31
127 706 16 18
286 375 13 23
38 264 6 32
879 140 19 28
709 565 2 16
685 771 11 25
122 784 2 21
842 862 18 1
290 405 5 23
582 332 12 9
713 730 5 16
940 640 15 49
520 61 1 18
672 192 1 46
410 165 19 7
660 794 8 10
768 843 5 8
793 780 12 6
598 315 17 18
803 938 17 13
335 267 17 37
802 217 4 18
180 120 12 14
48 537 19 11
505 474 10 9
615 229 4 4
92 520 5 14
837 77 11 33
501 177 6 39
689 724 8 37
288 326 17 19
312 195 18 34
943 401 4 30
237 44 7 13
464 599 16 32
944 108 4 16
350 378 13 32
615 830 15 11
604 271 1 15
654 260 20 9
968 352 14 12
921 783 19 2
816 708 2 27
130 880 19 47
210 242 13 1
975 170 2 18
48 211 10 10
186 563 1 3
376 623 19 3
473 129 1 27
758 500 5 24
150 680 16 8
175 268 12 35
74 827 16 15
737 674 5 27
380 515 8 34
953 929 20 8
632 219 3 19
956 359 19 28
954 999 16 11
152 5 9 42
481 305 15 13
996 288 18 13
113 163 16 47
894 202 18 3
724 296 14 19
100 880 19 12
318 423 4 12
913 669 9 12
309 283 4 44
828 105 10 2
476 826 4 22
894 441 6 6
943 47 19 12
272 67 6 10
575 663 13 18
163 608 16 12
956 34 8 46
102 812 8 1
364 436 19 29
150 73 17 13
303 823 4 13
825 253 15 11
294 911 14 24
280 247 8 2
861 943 13 13
404 573 8 21
100 492 7 19
490 864 5 30
642 23 10 6
477 184 7 22
469 364 16 25
606 78 18 13
642 259 13 13
498 870 8 44
962 887 10 13
543 210 9 34
910 264 9 1
686 118 19 3
91 186 20 15
813 893 10 12
43 919 7 18
528 398 9 14
131 230 18 13
226 204 19 29
226 650 5 42
148 31 7 2
205 190 17 22
886 497 11 38
152 713 5 31
828 829 17 1
371 422 7 3
998 681 13 11
591 288 8 11
444 165 7 5
339 290 3 8
588 914 18 1
245 199 15 23
747 601 13 21
36 790 9 18
418 485 20 32
664 575 16 18
858 404 5 32
559 582 3 9
887 361 15 5
847 411 1 2
872 113 14 37
565 77 10 15
538 189 5 13
434 699 11 6
621 112 6 39
544 224 14 13
562 38 11 14
877 460 20 11
62 567 15 25
578 7 13 3
268 859 9 26
212 370 15 12
468 132 5 12
755 448 12 39
325 895 13 10
197 199 8 37
336 719 17 4
243 63 9 28
274 662 17 8
151 727 17 12
301 870 20 4
464 806 17 50
212 398 11 25
5 375 1 11
219 57 1 8
54 646 16 50
335 727 4 2
241 872 8 28
724 344 7 39
961 392 6 19
555 277 11 7
168 665 9 43
909 820 1 31
488 402 8 16
614 442 18 5
879 236 8 2
823 235 20 2
286 8 5 33
648 741 20 3
902 170 3 12
782 219 17 7
152 399 12 31
220 400 7 5
81 557 17 34
230 986 4 14
899 167 6 29
516 463 4 10
931 761 14 26
28 236 12 8
736 402 2 13
14 844 15 8
494 914 12 40
374 707 19 3
107 728 20 30
591 252 6 4
904 163 2 2
403 312 10 42
860 901 3 10
109 172 1 17
832 156 20 12
78 421 19 29
531 984 1 36
371 789 3 12
215 170 19 15
71 764 8 1
798 465 18 13
383 116 17 11
282 584 12 18
262 523 5 9
236 356 1 28
321 441 11 38
26 274 17 14
95 786 9 2
928 912 5 22
548 187 6 15
915 330 20 13
525 559 16 2
958 901 5 36
294 726 5 45
210 815 20 38
133 174 10 26
840 905 18 34
240 383 11 12
45 812 10 17
898 172 16 3
943 602 9 1
204 484 8 10
287 746 15 11
847 709 5 62
919 104 10 15
718 881 6 10
479 923 12 21
152 589 15 36
751 113 13 6
202 828 15 7
124 56 17 33
388 877 17 3
519 35 5 40
581 824 19 13
273 516 7 36
764 739 8 2
269 602 3 11
936 683 17 2
268 753 6 1
685 777 15 5
535 581 3 5
334 924 8 15
49 812 1 6
891 298 10 39
595 78 16 12
829 610 6 35
980 696 4 13
651 523 10 17
156 314 20 35
637 754 14 5
528 216 18 17
297 1000 2 2
212 830 5 3
709 809 18 8
409 992 17 13
8 351 13 11
917 124 6 13
97 474 12 15
123 356 4 50
869 905 16 26
576 132 3 13
827 434 20 15
69 846 11 2
378 965 6 11
222 240 2 3
333 253 14 35
749 967 14 35
521 496 18 14
678 670 17 1
86 5 16 20
40 493 6 18
88 23 20 8
441 946 2 4
258 879 14 5
625 99 7 4
83 12 20 16
599 196 4 24
67 866 1 10
100 319 3 20
904 767 14 11
895 225 20 30
858 870 20 41
157 194 11 32
130 533 13 12
598 987 15 3
29 965 13 2
860 40 6 5
986 280 8 28
582 808 11 1
471 952 3 23
886 717 10 44
809 265 2 2
887 797 9 11
121 77 4 3
369 406 14 15
220 179 6 3
246 144 7 11
303 414 9 2
407 582 6 32
260 17 18 5
721 643 5 25
710 734 4 51
59 45 10 37
14 237 6 9
340 392 16 3
387 682 13 33
207 342 12 34
478 935 9 4
360 122 16 11
942 501 1 3
769 729 8 20
31 750 15 36
971 66 11 17
633 426 18 12
129 405 7 3
42 796 16 20
475 981 2 37
886 955 12 27
613 314 17 13
813 173 6 14
694 448 16 1
818 217 14 7
254 807 2 3
254 372 18 3
995 810 1 14
167 157 12 40
420 732 15 1
418 598 1 33
97 108 11 11
380 717 3 16
829 163 18 6
420 672 15 12
190 557 14 28
257 561 13 15
232 335 5 49
889 198 15 23
453 190 12 5
571 529 14 13
724 93 13 6
123 686 14 45
747 47 19 47
714 380 9 5
147 158 13 42
942 998 18 43
361 431 4 13
856 355 3 14
368 341 12 21
570 296 6 2
513 610 18 5
220 615 17 25
463 412 20 9
360 755 10 36
770 284 6 25
409 115 5 20
632 831 13 15
970 135 15 11
486 800 1 13
458 744 20 11
618 979 9 3
409 427 17 23
863 106 19 23
163 880 5 15
69 714 6 1
256 140 10 23
165 876 14 38
938 157 15 38
761 726 18 3
782 426 13 19
990 552 1 7
736 721 17 33
476 369 14 10
846 233 1 26
75 63 4 14
494 273 18 29
470 930 17 14
442 500 10 17
192 737 18 31
472 817 6 3
928 347 14 19
254 308 4 28
826 350 4 11
12 410 4 1
815 925 16 23
410 662 19 13
892 677 9 19
540 81 13 30
37 308 2 13
675 641 15 3
243 538 16 13
314 367 11 3
425 975 13 40
452 738 12 12
423 599 4 2
304 864 8 17
465 753 14 30
196 227 10 14
760 993 19 12
602 249 10 3
194 351 13 29
730 195 13 34
131 231 1 2
172 673 9 32
917 195 5 5
478 415 12 2
887 162 15 4
182 38 10 9
569 394 9 17
966 138 10 6
882 192 12 43
728 420 14 3
768 424 6 43
439 754 2 7
534 333 18 2
366 854 11 21
311 170 8 13
769 493 5 3
6 28 13 23
380 335 9 12
570 699 15 31
314 839 13 12
646 161 16 11
70 478 4 8
67 140 19 12
554 9 4 15
586 853 20 13
131 309 18 4
682 253 13 43
992 139 20 18
691 543 6 5
939 967 2 24
348 495 10 37
943 972 15 3
389 817 13 12
711 361 15 3
139 290 13 20
618 692 3 5
556 644 12 14
192 737 17 31
73 551 10 27
635 475 7 15
500 464 12 46
790 365 16 5
56 332 8 17
452 269 10 3
714 622 7 9
559 668 10 11
988 830 5 26
86 7 14 21
944 861 13 18
471 516 7 4
952 90 19 25
447 796 20 2
712 271 1 14
893 376 8 38
339 396 18 7
17 390 4 48
363 606 15 32
237 864 19 39
950 252 18 6
406 413 16 3
413 696 19 6
564 245 1 29
56 652 10 15
242 552 17 8
209 656 13 1
901 811 3 17
354 218 15 26
329 851 19 10
439 21 17 11
838 2 15 12
503 460 7 11
409 861 17 9
227 105 13 31
874 367 19 29
864 62 20 1
605 928 10 13
484 97 10 3
651 598 1 11
381 109 3 21
26 555 8 25
714 497 3 15
376 124 2 6
397 966 5 2
184 469 4 32
243 961 12 17
235 42 20 37
292 442 17 3
184 515 9 9
787 239 9 48
999 705 16 46
893 378 18 31
827 465 16 13
112 515 16 21
848 238 2 27
370 960 14 22
630 599 15 45
369 449 6 1
997 535 15 32
41 185 1 1
386 953 7 11
309 587 7 12
856 726 8 18
388 60 5 36
450 741 4 27
50 566 19 31
204 673 19 2
497 616 13 18
370 200 4 13
654 445 5 45
81 535 8 30
71 517 12 3
604 599 11 13
43 284 20 16
359 777 3 7
490 471 7 7
736 429 2 28
766 732 3 35
822 233 16 27
869 61 20 25
292 479 16 1
889 279 8 12
549 805 4 2
104 239 11 39
350 122 6 16
864 985 20 9
554 19 4 12
980 78 12 15
297 351 18 33
378 66 12 24
720 133 17 26
230 854 6 19
905 902 2 2
202 372 5 39
610 142 1 27
990 13 19 9
125 445 19 39
475 883 9 38
242 773 8 41
140 228 3 3
682 767 1 23
230 407 16 14
740 797 10 4
226 750 1 36
851 518 12 1
474 369 12 13
423 849 14 2
546 391 20 19
327 200 13 14
466 204 1 35
352 394 11 14
856 379 12 9
666 228 14 33
628 321 14 12
847 38 2 8
252 935 10 1
360 212 15 26
922 410 17 40
932 936 3 3
473 15 4 14
706 897 15 36
281 545 1 3
551 710 15 13
39 584 6 25
149 502 6 1
596 752 2 12
771 431 1 2
335 705 4 35
591 594 16 2
641 496 11 16
795 336 5 26
553 801 13 25
355 56 4 29
285 802 19 4
630 46 8 8
864 447 9 17
834 328 9 17
83 703 4 25
612 729 11 1
83 410 6 17
876 24 16 23
978 71 18 26
987 969 8 27
721 152 10 13
733 453 16 3
230 920 8 3
606 25 11 37
893 909 20 61
448 648 4 1
757 597 2 30
618 436 14 13
161 121 5 3
679 622 8 24
138 776 13 3
866 32 10 4
461 916 14 18
589 570 9 32
731 131 5 4
934 461 10 28
207 103 16 17
973 38 8 4
508 194 1 33
665 940 10 1
360 983 13 13
231 529 19 12
651 922 19 8
659 162 4 11
888 687 4 11
807 682 1 36
271 241 15 3
547 149 11 3
545 223 11 33
804 227 15 18
384 948 7 1
475 694 1 34
170 67 14 12
425 820 13 42
408 938 17 44
660 767 4 1
386 125 5 13
366 509 13 12
32 190 13 20
410 406 10 34
750 752 20 12
725 17 15 18
532 140 20 34
132 748 6 19
140 863 18 24
141 23 19 43
558 624 19 28
176 232 15 28
827 195 19 3
889 711 12 21
552 283 8 3
682 852 5 11
740 921 3 17
31 651 9 3
80 714 11 15
174 531 19 20
381 278 17 17
757 541 3 17
537 228 14 35
134 245 11 33
218 948 9 12
967 599 17 23
385 338 20 1
32 370 7 3
289 305 6 8
904 674 7 1
979 643 16 18
332 162 1 21
212 378 17 1
929 831 1 7
909 741 18 22
733 237 16 40
832 532 20 6
738 10 12 13
420 428 4 16
988 275 16 12
313 439 15 35
939 441 13 34
476 596 20 19
462 393 13 5
647 158 10 33
721 521 9 2
940 853 19 3
456 880 10 27
28 417 4 19
847 592 1 3
823 237 17 1
512 893 6 8
806 196 9 6
305 711 11 22
592 190 20 23
934 819 5 1
814 811 16 6
423 441 18 42
721 98 4 28
637 779 10 19
122 507 19 21
806 194 13 12
44 693 19 32
643 98 8 3
688 659 2 3
264 65 14 13
777 686 5 45
436 703 15 6
600 871 12 21
36 190 13 22
291 41 1 27
949 180 16 15
74 830 11 15
921 738 18 8
878 307 16 39
779 190 3 12
845 769 18 24
969 505 11 4
13 80 5 23
425 525 19 24
345 434 6 2
614 832 17 3
353 227 9 12
378 539 13 14
304 849 15 12
62 127 17 28
196 438 12 56
668 662 20 18
400 9 13 23
553 639 10 9
6 46 1 26
53 335 12 13
744 392 16 32
561 274 14 16
899 936 18 25
334 60 1 12
265 483 7 31
498 133 15 44
490 824 8 1
950 597 20 12
175 10 10 23
204 433 19 1
731 903 14 11
299 493 16 11
156 878 13 34
291 5 14 36
793 306 10 3
489 811 11 13
357 28 5 34
872 196 2 35
581 516 1 23
110 874 12 11
511 125 20 8
563 964 8 5
931 376 6 15
987 324 3 30
587 283 7 32
594 155 4 28
813 354 10 20
542 801 4 10
602 682 17 3
19 595 17 2
524 884 3 2
368 426 14 19
546 136 8 13
37 275 16 2
104 687 6 30
67 426 13 8
745 634 4 24
719 820 9 2
305 89 16 10
60 738 14 2
335 619 12 48
981 482 15 12
617 588 12 11
497 160 17 6
952 257 15 9
643 574 18 22
224 817 8 40
651 723 5 50
962 385 9 5
405 752 1 12
420 42 12 13
232 144 17 42
495 815 20 41
200 823 12 35
936 196 10 1
97 969 5 2
452 733 16 15
785 878 1 37
428 257 14 7
351 502 9 13
178 784 19 20
232 965 14 10
270 190 11 13
325 419 16 11
692 188 19 19
561 491 17 12
228 874 15 34
654 473 8 13
474 703 12 2
257 992 6 16
996 246 10 14
882 383 7 12
647 142 7 11
99 102 3 16
301 50 9 5
121 257 13 2
737 619 13 2
469 213 13 14
293 688 1 33
552 404 10 22
9 346 17 24
418 536 19 32
642 979 3 8
846 184 18 25
358 127 16 3
493 127 16 13
922 523 8 9
16 708 11 9
613 517 4 12
104 598 2 37
626 444 2 21
882 163 4 48
728 952 13 17
775 893 3 1
52 986 16 11
94 15 14 11
632 151 16 8
280 719 12 9
372 580 17 45
302 486 16 29
292 851 19 4
612 473 12 24
283 770 14 35
550 87 11 9
772 145 16 5
32 600 17 1
315 618 16 8
424 88 17 21
892 395 7 28
331 780 12 2
869 813 5 38
399 775 16 13
982 799 15 17
961 271 16 42
181 537 5 21
407 808 3 33
610 619 11 51
219 286 7 20
272 156 15 11
4 312 15 15
701 547 13 3
985 961 20 2
931 911 20 8
622 208 1 24
996 600 1 22
147 835 14 11
61 934 3 23
836 165 18 4
475 661 8 12
133 739 5 11
345 963 16 9
52 638 5 20
108 575 6 17
895 760 16 16
932 684 7 35
516 412 18 19
716 958 9 3
386 338 10 18
726 386 2 34
690 167 17 11
783 781 15 8
22 613 6 14
499 493 5 21
801 756 3 32
953 478 19 19
474 165 14 1
138 520 6 6
5 24 8 28
751 353 17 6
16 263 8 3
466 642 11 41
717 592 19 13
193 467 6 3
162 797 10 7
10 885 4 25
895 221 4 46
427 320 17 10
58 19 14 2
228 878 10 3
2 877 17 15
272 711 1 3
685 123 11 5
194 881 14 13
254 430 4 2
412 214 12 23
636 685 8 13
93 917 7 19
102 848 9 31
575 117 18 4
548 850 20 46
466 148 7 4
843 987 10 40
729 479 2 16
730 261 15 11
79 76 16 1
711 180 14 6
778 341 9 11
860 257 5 16
991 801 13 11
889 556 17 1
278 193 11 28
825 879 18 12
142 789 18 11
757 962 1 3
171 796 8 16
539 450 6 11
682 194 6 40
581 490 13 12
758 15 19 26
258 359 8 29
677 897 10 13
446 297 18 20
381 595 1 17
270 563 11 19
956 685 16 30
125 123 5 43
724 211 5 11
213 954 19 3
420 374 11 3
389 680 10 2
344 289 12 38
967 940 6 29
870 773 14 2
641 155 10 11
169 860 2 30
271 34 13 50
937 984 7 14
169 243 7 31
606 524 2 13
432 24 14 3
639 52 7 5
171 664 5 15
265 62 15 26
632 788 16 17
651 83 10 31
195 542 9 7
72 22 10 2
852 351 6 3
395 632 9 6
191 396 17 12
740 120 15 15
22 776 2 9
845 248 10 17
580 149 18 13
971 623 2 3
434 636 11 10
874 167 7 47
114 925 14 13
825 321 3 46
344 298 19 33
804 881 12 12
990 472 4 12
224 113 3 24
900 919 13 23
442 697 1 6
45 312 8 14
883 808 14 4
390 839 17 3
228 941 9 11
70 887 9 3
200 914 20 31
224 751 18 18
386 877 4 22
520 858 12 22
640 880 10 33
58 687 17 33
641 855 17 3
965 674 2 1
172 487 3 1
806 751 15 2
124 298 8 34
530 908 2 20
32 38 1 2
947 177 19 2
686 157 7 13
186 996 18 10
123 940 20 3
834 876 14 17
347 494 9 3
858 990 7 3
553 856 14 6
723 708 11 30
496 143 1 6
298 970 5 1
928 452 10 12
272 788 16 4
657 341 12 4
924 303 16 28
770 884 4 13
444 290 20 13
6 140 5 6
442 339 20 4
206 874 16 2
620 12 4 13
344 909 17 16
315 444 10 21
15 123 18 22
170 334 5 21
174 659 14 26
736 485 5 10
583 660 2 3
998 443 13 2
185 524 15 13
897 405 5 3
959 582 11 21
647 552 1 37
873 551 5 13
863 940 13 39
967 367 4 32
393 723 16 12
729 575 17 3
292 923 15 22
221 626 5 39
616 313 14 27
185 818 8 32
606 677 18 11
389 823 6 17
514 126 7 13
472 163 12 34
657 921 2 9
602 401 3 29
478 57 1 8
749 932 4 25
749 417 8 37
443 80 8 24
498 468 5 17
712 135 3 7
903 990 18 31
349 950 20 19
660 456 10 31
810 517 7 12
440 923 12 24
398 238 4 7
168 451 4 13
63 729 14 11
84 654 18 61
174 225 15 23
213 675 5 20
632 782 8 12
560 412 6 39
965 789 19 2
175 940 3 11
571 552 20 18
297 35 16 6
89 951 16 11
438 789 14 1
526 925 5 10
120 783 19 4
445 423 8 3
994 603 18 18
664 907 11 15
717 54 6 22
386 782 7 23
268 447 13 16
422 601 3 2
655 457 12 7
875 258 1 14
742 117 16 15
788 120 8 19
980 49 10 12
315 521 11 6
412 863 13 13
967 206 13 1
198 561 9 11
256 685 13 21
707 37 15 28
69 381 14 25
965 999 9 28
94 963 12 3
323 597 3 12
648 33 20 9
983 866 11 12
151 170 12 3
363 291 12 4
671 305 19 3
342 939 12 15
113 105 9 43
975 656 7 4
760 96 17 2
145 634 7 3
195 254 6 13
756 929 14 20
348 899 2 11
104 433 12 53
755 407 16 13
173 497 11 42
620 878 11 12
599 660 12 30
895 787 4 21
604 258 6 18
906 510 16 16
358 491 2 10
904 384 13 2
328 848 18 33
491 670 19 22
373 866 19 2
521 969 16 6
185 876 10 13
701 882 7 2
533 27 8 9
787 615 16 8
806 508 5 48
151 847 2 23
813 133 1 32
113 972 5 32
33 719 1 1
765 522 13 2
927 159 18 1
338 541 1 8
148 88 16 35
111 79 3 30
239 642 14 19
950 370 5 24
422 759 8 17
224 940 16 4
59 331 4 48
246 842 9 21
609 76 7 13
206 106 9 12
243 488 5 10
417 751 1 41
417 665 15 26
396 863 3 51
354 955 9 25
470 242 5 16
668 274 12 10
722 58 5 6
648 332 13 14
325 573 18 3
928 286 11 17
471 565 14 4
809 499 11 22
991 66 5 13
397 942 18 2
418 148 3 17
341 36 16 2
512 126 6 17
515 428 12 11
934 681 6 1
92 175 5 13
966 55 6 18
636 395 3 33
655 27 19 11
253 759 1 12
196 533 14 29
476 689 10 3
320 518 9 8
559 2 1 17
299 8 3 14
230 298 5 39
241 46 17 2
556 698 1 13
711 162 12 2
350 302 8 12
930 603 13 13
37 662 15 28
90 362 13 20
32 254 1 11
253 705 19 38
1 840 2 4
559 85 20 7
21 863 2 11
521 308 12 13
550 847 10 11
765 143 8 1
685 65 13 24
394 260 11 9
960 8 17 10
500 250 13 36
42 295 20 9
150 318 3 24
826 360 18 16
5 25 8 29
776 470 9 11
528 963 18 14
896 597 5 14
319 495 19 14
273 318 7 16
831 591 8 3
604 758 18 6
859 307 6 11
833 662 4 3
189 15 9 50
932 441 2 20
618 743 14 26
293 925 14 5
326 504 20 7
950 426 12 15
837 967 9 11
813 552 20 1
346 675 17 30
891 755 2 1
75 658 1 15
466 922 8 17
329 339 9 13
769 664 1 5
920 63 4 12
775 25 10 27
450 53 15 30
789 502 9 1
501 197 6 14
518 314 15 43
155 314 7 12
120 504 19 19
363 743 14 15
75 961 15 3
260 956 1 5
103 749 7 21
802 639 15 27
365 873 10 31
772 323 16 2
664 456 18 11
423 417 13 34
375 716 17 30
338 151 10 1
814 447 10 3
384 718 16 29
233 791 12 13
379 883 20 39
710 371 10 13
257 742 8 16
694 645 9 3
133 43 2 16
604 666 4 21
46 202 19 21
250 967 17 19
360 24 2 21
82 150 7 10
50 714 8 8
795 386 7 26
678 850 20 3
537 777 1 35
256 631 10 1
583 130 16 14
26 352 1 3
589 89 15 12
931 577 13 20
84 428 18 20
214 992 16 2
497 174 3 2
132 886 12 1
946 817 2 51
405 241 5 21
278 687 1 29
352 427 7 6
898 204 13 33
886 822 4 27
953 70 10 11
268 37 20 19
571 114 1 1
248 409 4 6
9 791 20 2
250 356 1 38
258 579 11 24
228 752 14 6
430 580 19 31
164 581 17 12
115 555 16 19
635 911 11 2
312 624 2 31
73 258 20 2
500 749 17 20
115 662 13 16
702 973 10 2
828 249 3 3
525 56 4 3
650 324 6 5
496 558 6 47
484 363 11 12
483 391 16 16
882 999 14 1
708 730 9 13
398 671 9 33
763 208 16 29
631 777 7 25
712 194 4 12
687 429 5 24
531 31 12 26
792 955 14 7
165 45 7 24
662 103 7 19
467 521 15 29
592 286 17 5
771 106 11 24
342 777 5 8
4 818 3 34
165 563 20 13
101 208 3 3
500 715 16 27
937 262 1 15
569 135 19 20
369 606 11 13
659 226 5 20
797 842 16 26
300 23 10 3
175 374 12 23
805 615 4 1
380 58 3 32
434 362 13 11
357 390 1 33
655 488 19 11
293 636 6 11
84 77 11 14
859 503 2 2
711 935 6 7
506 1000 6 11
539 216 12 13
85 2 9 10
573 991 13 13
366 694 19 41
75 322 5 3
676 681 16 26
57 341 15 6
137 524 20 28
729 337 10 2
986 677 13 29
70 415 17 10
891 434 10 9
564 821 15 3
925 284 10 11
788 60 14 27
596 45 16 3
865 89 5 1
388 405 1 12
278 467 17 31
936 232 12 33
735 885 10 9
545 758 10 12
404 526 12 20
869 242 20 31
414 824 16 22
822 179 7 13
730 178 8 14
408 130 16 3
98 384 12 12
179 400 9 2
26 706 17 21
474 696 7 37
821 587 10 10
326 273 14 25
229 191 6 22
298 289 13 5
470 495 8 12
56 694 19 1
304 529 13 37
707 412 4 8
866 871 9 26
34 746 2 11
594 738 15 26
560 458 7 26
976 213 10 16
986 438 17 13
960 303 14 13
409 700 1 24
795 975 17 30
505 514 7 42
196 387 12 2
556 186 1 10
224 665 19 3
345 415 17 12
676 158 6 12
221 313 5 4
248 108 11 13
683 800 10 27
274 654 19 3
192 105 15 1
626 721 3 4
89 373 8 27
927 361 13 21
685 241 20 20
471 744 2 21
400 96 3 9
444 291 2 2
162 740 8 3
129 168 18 25
798 471 19 18
345 450 2 10
520 71 9 11
378 528 15 10
757 499 15 13
926 253 17 12
161 175 9 34
640 79 8 14
79 948 11 3
78 931 20 21
479 290 6 14
590 460 14 8
572 857 3 4
879 749 16 27
872 849 11 19
207 897 16 33
183 910 13 24
661 237 11 3
106 371 1 50
761 981 3 32
284 688 1 17
177 443 6 3
884 624 15 29
190 914 14 27
826 876 6 14
887 341 13 19
504 202 1 12
877 540 1 10
283 857 4 2
63 337 2 13
499 744 16 3
374 358 19 37
796 427 5 16
717 566 4 2
133 96 7 37
108 789 12 12
748 955 10 9
473 956 10 1
161 565 3 49
49 818 10 22
708 178 4 27
331 305 1 11
889 929 12 13
894 486 19 2
65 236 20 3
820 272 6 18
820 70 15 16
490 117 6 13
966 470 3 20
58 736 13 29
625 988 1 23
232 534 9 9
340 599 12 11
969 836 2 10
921 299 15 20
25 856 4 8
939 254 4 16
597 182 5 2
855 476 10 21
669 679 17 1
185 935 19 12
373 370 4 9
492 177 7 25
735 402 7 15
45 696 7 12
698 712 5 2
353 430 13 11
236 686 20 23
506 989 3 5
54 3 12 36
908 313 6 34
24 25 18 1
898 433 1 34
47 287 7 29
2 782 10 16
650 723 6 11
994 621 17 24
343 722 8 37
570 973 7 12
854 892 6 5
571 770 7 2
123 166 13 2
657 183 18 17
420 568 13 8
476 853 3 13
931 398 14 32
538 985 2 2
20 317 5 12
491 34 17 13
157 608 17 18
681 173 5 3
467 675 17 24
888 50 18 42
393 293 3 8
60 924 10 3
129 872 17 52
33 652 6 3
554 454 18 16
20 474 8 16
928 562 10 3
201 297 8 12
245 404 2 35
268 248 15 5
684 806 6 16
521 779 2 15
797 38 8 14
166 849 12 9
781 667 10 15
864 493 16 16
498 770 9 51
315 675 8 1
477 615 12 31
766 169 9 11
300 152 18 11
923 46 13 39
22 918 2 2
594 657 12 9
128 688 4 6
575 330 18 11
773 622 18 16
829 852 6 3
586 944 19 1
682 601 19 40
74 639 12 19
244 687 4 24
306 636 2 60
797 781 8 23
273 437 12 45
186 950 7 10
217 66 3 27
386 865 6 14
456 601 19 38
255 835 2 23
679 846 2 20
672 747 1 56
173 622 2 36
999 267 9 48
154 744 18 20
950 255 17 22
792 101 19 33
161 237 16 29
337 614 10 11
66 53 14 31
943 513 9 42
909 808 20 25
206 946 9 13
145 754 12 1
238 525 6 12
438 627 12 3
59 743 9 21
574 780 3 12
816 743 5 10
473 551 13 25
548 390 8 34
580 279 6 37
96 109 14 17
985 261 7 17
497 752 7 13
84 257 15 27
130 682 14 18
59 703 11 14
8 265 8 31
569 668 4 4
1 572 16 12
225 481 16 20
666 715 12 36
381 54 13 19
430 266 12 28
391 670 12 36
290 256 5 3
569 181 2 10
89 252 5 18
260 579 10 28
253 47 4 23
17 34 15 46
665 302 13 5
231 158 20 39
493 491 15 20
886 477 12 31
211 837 4 1
915 1000 2 13
545 914 9 40
112 208 5 15
250 863 13 9
928 489 4 19
522 45 18 23
894 166 19 18
30 498 3 5
657 738 18 17
306 624 13 35
175 499 10 29
606 812 20 16
369 558 14 29
586 664 13 16
479 316 7 43
859 575 20 9
653 836 5 2
483 224 9 12
458 75 18 21
809 471 6 4
974 76 4 16
945 734 11 47
330 513 4 1
509 567 6 21
87 981 8 25
128 467 15 38
92 71 15 25
616 172 14 29
254 224 17 33
515 937 2 20
545 150 20 21
59 793 6 44
646 97 10 12
924 781 19 1
706 105 6 13
886 43 11 30
365 871 12 1
413 793 18 1
556 89 5 8
703 743 13 7
34 686 11 34
469 48 9 13
902 301 11 38
322 537 16 46
634 985 14 11
144 351 8 30
940 431 5 20
955 919 9 21
790 82 5 2
887 541 17 1
397 527 3 5
489 8 15 31
166 602 17 3
581 42 17 41
893 931 11 23
347 733 17 8
130 972 3 17
934 415 18 12
545 535 12 37
107 211 14 9
118 881 12 12
390 241 1 2
533 519 15 8
681 380 10 25
829 746 16 11
639 66 12 18
334 341 3 1
679 526 20 17
117 17 10 17
813 443 11 2
500 548 10 3
815 50 8 3
329 290 10 21
381 9 15 18
52 124 14 2
86 331 20 22
792 284 14 26
815 895 20 21
464 849 16 40
963 56 20 22
498 792 9 50
300 968 14 16
622 220 1 5
862 960 8 10
777 351 6 12
968 137 5 14
140 686 7 48
811 658 20 3
154 420 3 8
82 18 15 1
724 355 17 42
689 884 11 35
100 470 1 22
76 267 16 16
473 897 5 27
707 499 3 3
485 750 2 23
970 927 19 16
390 308 8 38
733 465 20 51
93 296 5 13
341 545 20 11
722 40 15 13
827 639 16 4
137 274 20 11
202 585 14 40
352 875 8 13
217 695 13 33
840 649 10 19
478 307 3 12
241 168 3 1
6 342 2 1
445 926 3 22
913 947 20 34
355 317 15 2
452 281 3 7
654 396 11 19
181 548 1 35
634 743 17 25
900 622 6 7
229 736 12 23
829 279 9 38
283 720 12 2
503 240 20 8
247 336 17 3
326 39 16 2
477 400 1 11
384 674 3 2
220 497 8 1
955 746 10 13
931 212 6 7
891 542 20 4
707 864 13 8
141 984 2 12
423 899 6 2
428 658 5 21
814 828 5 13
539 726 13 7
410 834 2 28
845 568 7 5
272 866 8 20
28 686 18 31
983 66 16 38
883 305 2 9
922 89 17 11
273 798 7 14
852 267 8 1
88 324 14 14
334 60 14 12
700 851 10 16
847 32 16 6
739 955 19 2
25 635 17 3
316 236 16 22
290 897 7 20
332 311 17 1
93 421 8 19
598 779 17 39
843 660 20 13
896 84 2 12
831 120 4 21
273 584 12 2
33 305 3 2
714 549 20 36
224 943 7 53
784 920 2 6
804 682 5 39
577 407 5 10
493 664 12 2
492 199 18 7
294 971 10 31
643 99 1 21
454 536 10 33
643 306 2 31
177 393 9 41
732 412 15 13
440 697 18 11
66 838 18 26
363 121 17 11
263 780 14 18
858 210 7 1
110 42 4 2
435 805 17 17
992 274 15 15
896 415 3 7
743 306 6 26
291 578 14 34
33 388 12 16
611 93 10 11
308 619 1 11
487 496 3 52
380 112 18 13
918 520 3 10
385 949 10 1
277 342 3 26
339 6 9 28
240 956 12 20
170 402 8 13
813 462 10 35
986 981 11 28
328 93 7 10
542 336 12 43
174 791 13 27
289 865 15 17
783 912 15 4
304 753 13 19
944 544 14 21
733 844 2 39
374 153 12 9
843 626 4 1
748 300 18 13
982 564 17 8
274 758 12 4
15 106 18 3
192 76 3 1
9 424 18 33
62 769 1 12
50 311 11 11
946 665 5 14
84 538 10 25
510 663 1 16
753 561 9 22
121 944 13 1
409 240 7 25
543 325 20 12
527 138 7 3
235 483 17 44
802 379 15 33
28 46 6 3
587 720 20 34
220 101 15 16
833 614 3 1
136 712 10 23
57 411 3 6
890 333 12 13
26 729 9 7
868 13 15 14
976 547 16 11
323 201 10 47
126 212 7 21
921 781 20 10
116 746 7 1
527 55 5 15
63 340 10 5
441 308 1 10
481 424 16 15
488 841 18 8
617 455 3 2
895 786 4 11
276 282 13 9
766 728 15 31
805 346 15 28
851 747 6 11
190 196 10 13
102 52 18 38
272 219 4 6
963 656 16 39
301 815 10 2
650 120 2 12
208 581 18 12
6 874 6 43
791 313 13 16
128 548 15 11
637 444 18 19
431 660 6 4
678 314 3 39
855 689 8 24
33 975 19 1
58 401 14 12
413 5 6 3
835 107 10 20
990 813 3 6
623 909 7 20
850 372 17 52
386 480 20 10
88 618 11 7
69 526 17 3
105 727 17 38
165 793 1 31
971 695 9 23
625 41 15 4
45 5 16 9
63 794 14 11
801 269 6 12
557 581 16 1
559 563 5 30
307 849 5 20
281 794 10 11
421 848 11 4
158 839 13 2
244 536 16 30
254 353 20 2
634 643 8 20
456 789 1 13
248 261 18 20
349 338 6 10
533 149 14 28
236 904 16 11
914 471 3 21
408 372 7 38
551 451 15 40
919 549 4 11
38 81 18 12
578 553 12 33
73 923 7 16
902 870 8 42
659 898 7 16
880 993 9 42
384 747 12 5
356 232 1 3
845 829 3 12
313 598 15 17
680 42 15 2
367 829 17 3
234 324 9 12
862 351 2 12
141 295 2 12
18 282 10 1
46 372 12 1
62 189 2 19
399 606 16 3
263 574 15 6
834 793 16 10
585 431 13 2
191 433 6 28
917 726 19 21
882 608 20 2
544 510 3 14
365 414 19 19
488 136 9 12
67 183 10 23
991 795 17 18
902 354 20 30
323 263 19 42
443 763 16 43
343 822 5 10
120 781 7 12
381 233 15 7
596 413 13 9
819 301 20 17
66 247 9 28
232 438 6 24
66 648 15 25
315 778 5 3
596 4 14 2
404 89 16 13
962 541 7 14
392 604 1 8
389 588 17 12
853 602 5 47
637 641 19 2
130 943 1 14
929 437 12 11
613 492 17 3
726 699 6 2
915 35 7 18
957 3 5 21
470 68 8 31
618 625 19 38
372 113 12 3
636 756 12 27
508 144 7 32
439 145 9 6
988 376 3 31
396 321 5 33
436 431 4 13
930 526 14 52
830 230 11 6
916 398 20 13
698 972 4 13
36 733 3 14
298 482 12 15
916 95 9 4
624 848 13 2
105 674 6 1
457 861 7 21
87 386 6 30
968 765 20 3
835 844 14 27
469 772 8 34
261 135 12 20
901 37 14 17
517 61 1 4
669 132 16 42
95 561 12 11
215 219 1 23
303 48 19 5
911 856 18 3
776 799 10 2
605 11 18 3
150 837 20 26
612 222 19 2
777 417 8 33
761 450 2 7
960 584 4 13
926 967 3 13
826 306 1 10
1 348 5 2
356 806 3 22
720 819 16 5
844 538 9 47
915 746 14 2
991 542 6 1
813 64 13 2
260 15 15 18
347 18 5 15
372 683 13 2
278 469 17 21
192 881 6 44
161 809 10 41
245 158 9 9
555 73 10 3
279 993 16 25
536 646 20 17
483 658 5 17
362 500 4 23
194 718 17 3
118 683 17 31
694 332 10 16
235 516 2 19
935 453 2 29
244 610 10 12
900 760 18 24
631 850 6 50
409 491 16 24
596 41 2 3
730 848 19 33
821 838 12 13
953 896 18 14
56 582 3 8
883 652 4 10
650 703 12 17
699 298 3 24
993 789 3 10
995 676 18 28
97 410 3 9
788 863 14 11
951 950 1 1
241 850 9 10
243 796 19 25
608 746 14 3
223 766 16 3
283 354 20 16
139 440 10 3
899 734 8 1
329 537 11 15
56 648 8 3
984 673 3 21
280 321 18 13
883 85 17 1
667 318 17 26
591 592 6 16
870 530 5 15
871 375 2 3
867 990 15 32
370 862 4 12
786 313 12 39
923 321 7 25
826 524 11 14
418 467 6 28
745 836 7 37
590 207 15 18
389 732 18 44
46 967 2 14
657 120 12 7
823 864 18 40
922 968 9 43
117 875 12 2
888 870 19 41
159 540 16 22
774 934 18 14
217 971 17 10
98 413 6 24
45 406 9 3
615 104 13 1
924 375 12 15
630 686 4 36
550 671 20 41
506 946 18 2
998 50 19 33
159 657 14 30
149 999 15 13
198 935 2 5
393 325 17 1
750 650 9 6
617 628 10 21
134 810 7 16
202 367 5 25
148 987 16 19
785 715 10 37
883 247 3 1
812 856 4 29
910 8 17 2
246 365 8 28
261 662 3 22
137 876 3 28
485 465 13 12
551 129 6 2
628 824 4 6
704 531 5 3
359 445 11 3
355 726 13 4
738 667 15 17
400 278 10 22
462 919 16 31
873 77 15 35
362 851 14 7
818 432 16 1
995 990 11 37
26 329 4 16
613 681 3 40
559 349 18 18
394 316 3 49
224 936 10 21
764 815 3 49
816 449 1 15
671 556 12 5
44 371 8 11
937 675 20 37
569 575 15 10
687 213 3 6
702 370 4 7
603 468 19 1
602 965 3 10
686 431 16 35
733 581 14 37
663 6 16 29
958 759 4 11
136 358 20 10
782 272 7 1
28 356 5 36
93 761 5 37
336 671 8 2
909 85 5 22
268 901 15 2
92 913 3 8
10 463 7 2
546 51 16 19
311 632 3 2
720 114 2 34
173 132 6 3
990 947 14 3
670 939 5 41
659 88 16 2
307 356 4 8
673 969 20 13
94 719 17 38
291 16 10 19
186 887 11 8
876 917 14 29
581 265 7 17
595 213 20 35
76 142 12 3
94 238 12 10
728 707 11 9
812 920 14 37
823 568 16 34
406 392 16 12
4 696 8 13
145 444 17 15
86 350 18 22
868 132 10 28
228 894 20 35
578 507 17 41
261 511 6 15
639 230 15 2
769 340 5 14
377 299 3 12
7 553 8 30
621 43 9 38
400 768 10 13
947 748 11 9
456 157 18 6
598 969 17 30
413 553 3 34
447 610 1 12
234 723 15 18
95 659 13 24
642 97 4 7
801 883 5 29
792 770 20 1
87 970 18 23
412 51 20 22
171 961 5 8
651 904 6 12
790 504 19 2
340 907 9 6
488 538 6 3
979 140 18 12
487 772 16 33
40 214 12 25
281 557 2 44
534 965 16 1
441 806 18 31
418 433 17 49
949 711 14 9
78 102 16 2
806 113 12 8
698 274 20 3
416 564 12 3
155 414 3 29
158 681 10 14
974 674 12 16
472 371 19 1
778 300 10 3
246 281 13 11
338 928 11 15
747 35 12 23
125 103 4 18
721 953 12 13
908 467 7 46
527 197 3 14
772 410 9 18
892 981 19 18
638 525 20 12
84 42 4 17
588 84 16 27
559 949 19 28
984 262 17 1
488 796 17 15
375 958 20 33
685 762 15 3
813 68 11 8
849 585 18 16
379 355 7 5
771 254 20 3
196 972 8 34
806 232 20 38
978 977 9 2
398 638 4 7
322 561 1 13
375 628 8 31
43 771 15 12
41 93 7 24
972 438 19 22
1 691 5 3
580 737 5 31
966 527 6 3
772 324 13 14
541 426 5 16
897 408 17 48
603 526 13 39
968 708 15 29
431 943 9 29
806 804 1 2
733 823 5 39
757 996 14 18
434 645 18 33
546 248 15 3
257 391 3 13
970 757 15 16
695 289 14 22
531 957 16 21
530 435 18 15
363 574 17 32
596 696 9 15
977 498 17 32
916 957 2 43
206 307 16 10
296 366 15 12
142 627 6 38
760 787 14 5
459 27 5 12
284 531 1 14
752 206 15 26
687 984 15 3
446 513 14 22
122 553 13 13
69 218 3 6
41 512 6 4
664 427 11 17
325 400 6 19
540 797 9 4
886 925 10 35
369 730 7 26
101 17 19 12
527 903 8 3
513 974 18 13
799 930 6 23
928 494 2 22
277 321 18 37
549 330 17 13
117 825 2 9
754 86 7 32
414 914 6 7
529 427 2 15
264 8 12 1
91 733 2 58
845 75 18 19
152 137 6 19
655 744 3 5
178 533 10 13
5 570 7 26
637 145 15 4
318 110 13 36
519 948 20 1
861 544 14 3
726 883 9 30
442 396 12 11
72 821 3 7
862 107 14 29
259 496 19 4
784 475 8 8
467 626 4 23
450 44 7 11
888 468 3 14
410 522 16 8
899 367 17 11
989 308 12 3
697 342 1 27
431 682 4 33
786 454 14 22
2 311 20 2
720 68 2 2
150 107 5 16
149 194 20 18
39 237 18 39
811 358 7 6
160 722 13 10
186 388 7 2
716 412 10 36
358 712 2 13
485 620 17 24
804 372 15 3
498 404 13 35
306 780 12 3
805 688 1 2
702 365 6 25
979 403 9 11
793 730 6 7
342 630 19 17
205 155 3 13
985 115 15 23
65 441 14 22
282 318 17 32
872 804 14 31
625 102 18 20
663 631 16 13
472 149 15 42
949 272 6 6
568 538 4 13
384 619 14 11
427 260 7 17
635 677 1 53
427 794 10 13
71 571 9 3
415 460 2 11
383 232 2 19
965 610 5 36
366 377 10 15
646 634 4 11
854 289 2 25
833 256 11 21
148 984 3 12
716 744 7 34
644 180 11 12
262 88 7 22
248 814 2 8
307 602 13 3
238 671 10 26
136 427 17 19
505 399 8 32
766 824 7 19
470 552 9 24
317 638 19 12
773 714 20 7
958 586 12 35
353 965 13 40
437 985 11 19
254 251 20 30
484 618 12 1
741 757 20 12
55 206 14 13
912 150 11 21
620 20 1 4
290 228 8 29
946 113 5 35
580 253 1 34
455 707 18 46
754 369 18 31
158 132 2 20
901 483 19 3
38 910 18 31
147 138 19 8
376 87 14 18
996 341 8 17
630 441 7 32
208 128 17 1
121 728 7 48
223 837 20 14
979 410 8 8
77 744 12 2
640 330 18 41
989 682 11 12
969 363 18 7
75 796 8 11
453 150 7 13
637 742 15 13
973 281 1 6
177 792 9 39
646 439 18 2
744 529 6 22
863 874 5 13
455 465 3 26
446 401 20 10
340 833 2 18
557 560 9 4
546 561 7 21
555 697 8 6
447 529 19 3
248 402 7 14
383 640 8 18
370 924 20 7
665 486 11 34
78 296 14 23
230 450 10 17
561 859 14 3
956 631 6 10
755 699 5 14
996 219 10 3
145 143 19 20
989 130 11 47
82 223 19 22
89 831 1 11
408 751 14 35
660 747 3 48
541 370 3 25
370 264 12 31
569 590 6 6
259 363 4 3
532 405 14 31
690 444 7 3
887 562 11 11
333 116 7 44
258 897 11 27
518 103 7 14
730 122 11 13
45 514 18 8
860 243 1 1
494 223 1 33
88 641 4 3
614 125 13 3
876 812 10 3
243 37 9 26
919 843 15 15
876 126 1 7
518 423 6 38
121 878 12 11
28 27 15 11
437 744 18 8
68 831 9 13
429 83 14 3
920 475 5 2
384 767 17 9
493 700 7 20
144 619 7 1
128 549 7 2
815 916 1 26
955 760 12 22
60 82 16 11
375 630 6 11
472 519 8 22
169 547 16 12
156 762 17 29
942 171 15 12
298 2 17 15
209 175 14 13
589 306 11 7
700 387 1 13
336 556 1 7
496 98 11 12
153 658 3 25
987 523 6 3
305 927 7 4
139 362 20 2
713 775 12 13
78 360 20 2
1 966 2 7
37 261 4 6
414 823 8 11
425 559 5 26
340 668 20 3
7 360 8 6
95 104 12 21
223 716 16 15
337 511 17 6
527 245 1 28
41 818 3 33
832 678 14 8
37 352 14 9
938 194 16 1
850 686 19 20
10 707 15 3
46 684 18 39
644 11 18 2
682 149 19 22
585 583 17 3
227 29 19 26
155 81 5 3
971 890 10 19
701 472 7 3
585 829 11 43
864 546 18 3
78 432 15 20
173 822 5 31
554 481 6 33
570 528 3 18
334 452 2 2
81 463 8 13
139 758 4 1
804 602 18 36
492 990 19 20
253 116 10 9
898 313 1 1
214 340 14 4
688 418 20 4
853 943 20 46
87 53 9 30
750 98 11 28
300 12 13 12
137 328 14 28
307 943 11 2
631 168 4 41
935 489 10 18
846 174 20 12
127 382 5 5
125 956 19 8
512 294 8 15
649 71 1 7
818 25 18 5
233 704 12 3
802 698 17 12
256 103 20 1
572 552 13 39
828 371 9 49
305 365 20 12
882 817 1 17
683 456 7 36
970 838 19 2
997 581 19 37
980 574 20 2
668 749 6 58
870 925 8 21
168 254 8 7
334 286 6 7
46 408 18 22
877 162 13 7
428 735 12 3
198 252 3 4
977 587 1 16
288 513 9 12
96 957 11 30
839 192 12 12
19 109 3 6
939 206 12 25
805 226 7 25
599 302 16 10
124 645 8 37
444 403 12 1
793 93 18 17
101 109 1 15
728 10 15 6
121 516 9 46
672 111 12 17
807 486 8 16
869 164 7 46
461 114 5 2
564 407 11 11
448 852 8 13
364 642 5 11
722 418 1 13
370 453 11 12
869 64 9 40
726 801 13 1
310 337 1 30
708 360 20 15
259 399 1 32
462 95 1 25
115 614 15 14
805 262 12 36
67 347 2 18
761 695 1 12
286 494 3 5
752 65 3 13
320 663 13 9
205 264 6 36
644 727 1 13
955 768 15 28
762 441 6 43
280 270 2 6
739 381 6 22
535 430 12 12
723 980 20 28
106 251 9 9
12 689 17 13
973 545 1 9
535 235 17 9
798 490 10 11
625 596 12 1
560 428 1 41
581 628 10 7
294 93 2 5
937 148 2 2
2 480 13 3
437 860 2 3
427 362 15 10
466 213 11 19
441 599 10 13
237 490 1 9
589 285 17 15
440 851 9 6
178 983 6 1
285 294 20 1
282 237 9 32
513 47 12 28
933 233 7 28
923 693 13 18
554 843 11 13
796 26 4 7
363 765 20 6
885 569 10 12
580 446 10 7
842 154 9 55
173 114 16 26
575 320 9 9
171 275 6 19
813 69 6 40
735 340 6 22
410 444 9 2
977 774 6 40
824 655 16 22
501 572 3 2
154 565 9 3
766 465 19 20
15 422 15 13
951 597 17 13
278 459 18 30
599 806 15 18
882 682 19 34
794 601 9 1
513 737 6 2
492 571 12 9
195 695 15 25
902 343 13 45
222 833 11 11
261 127 3 3
904 747 18 7
916 96 4 13
695 163 15 11
462 174 17 23
749 593 7 2
723 269 1 13
823 873 9 1
372 583 9 4
505 423 2 11
78 802 15 8
507 986 5 17
400 104 11 21
519 608 11 24
181 697 15 21
647 197 6 10
554 616 4 6
623 695 14 20
872 227 7 49
643 232 16 11
852 76 3 1
27 330 18 34
471 538 3 30
885 612 8 18
102 127 19 12
212 421 9 1
89 698 17 12
933 360 8 13
762 194 14 12
534 580 4 3
200 303 3 22
101 233 18 1
94 209 10 41
558 988 4 2
46 451 6 12
148 675 6 35
830 807 6 12
929 788 1 9
988 52 9 35
246 921 2 8
708 49 19 10
52 801 18 11
268 310 14 4
337 139 15 8
405 894 14 41
823 77 3 36
978 24 14 12
606 49 14 10
543 501 6 2
153 961 19 13
622 497 10 6
323 4 2 46
440 479 19 3
748 792 2 2
137 578 4 21
836 137 11 14
317 645 1 31
622 768 17 23
347 871 9 18
877 255 10 27
619 746 13 12
992 612 3 7
646 979 14 13
467 929 8 12
652 11 7 17
487 650 8 42
158 64 12 5
290 241 12 44
110 493 8 19
910 709 2 23
703 413 4 29
285 911 14 25
866 733 11 16
745 721 8 19
606 884 9 15
333 974 16 43
510 339 16 17
981 889 1 11
167 519 15 34
574 553 4 39
505 143 17 10
269 211 13 1
208 843 7 7
503 832 20 20
116 941 11 1
881 674 5 14
969 980 12 37
212 624 1 3
167 829 9 40
79 993 11 3
658 833 19 22
242 929 16 13
725 135 20 7
203 588 15 34
817 163 16 31
909 247 16 22
460 394 3 3
995 71 16 23
27 852 19 8
368 951 9 3
454 204 17 49
634 703 14 18
396 28 13 44
992 117 15 15
775 195 17 37
565 420 11 5
481 626 12 35
138 460 3 12
371 880 10 48
586 402 4 18
846 90 12 12
342 874 3 42
710 701 1 22
355 849 19 11
639 891 2 2
127 612 20 3
894 372 4 42
857 900 15 7
313 31 1 3
843 221 12 16
780 931 10 22
989 430 14 43
871 237 6 30
848 355 14 13
892 970 3 16
36 299 8 23
278 567 19 12
724 920 9 36
387 583 8 1
450 656 10 38
907 427 15 2
738 273 11 27
605 700 19 11
43 225 7 33
805 109 3 7
649 376 19 12
245 774 1 8
405 250 14 18
108 567 14 7
824 304 4 12
466 721 6 42
848 344 19 10
913 571 1 20
985 392 19 21
933 846 12 2
973 738 10 11
456 27 16 1
600 39 4 12
462 461 8 3
410 436 10 2
233 226 18 32
69 220 5 15
336 482 14 7
480 541 10 16
925 220 4 2
474 185 2 26
626 650 17 10
723 625 6 25
483 75 10 2
905 886 6 30
536 239 14 3
108 275 1 3
376 238 17 24
266 747 17 13
642 410 1 16
575 329 15 6
596 99 18 3
311 996 3 18
399 207 6 12
365 560 12 31
900 58 5 35
696 285 5 6
536 637 5 21
565 583 2 12
368 489 10 29
810 888 8 20
415 60 9 23
593 936 7 16
90 117 6 15
504 584 13 20
273 471 16 32
262 954 19 5
254 852 6 11
282 844 13 31
135 103 2 21
560 619 3 12
863 367 9 42
85 865 9 17
577 986 2 10
83 395 14 11
297 601 4 4
724 24 11 19
305 368 12 18
407 386 4 33
7 102 12 6
353 747 16 52
479 258 6 7
125 256 20 17
923 464 16 44
93 52 6 30
336 151 20 19
483 37 11 14
999 727 14 13
412 171 8 3
302 829 14 3
960 910 11 8
117 654 1 3
289 215 12 10
660 602 11 26
421 475 5 13
83 522 8 25
839 356 1 34
52 56 4 35
918 868 15 30
619 287 10 1
623 52 2 1
431 533 5 27
532 879 16 6
64 343 12 33
982 810 16 20
897 359 16 2
61 13 16 16
64 748 16 34
417 894 1 2
983 639 3 20
91 652 6 4
832 551 6 32
546 538 8 4
812 446 15 12
890 838 1 24
706 339 10 8
631 548 16 4
753 796 9 17
978 100 20 1
658 240 18 14
417 989 10 15
553 539 17 17
963 820 11 37
525 448 13 5
458 735 20 18
37 115 10 12
969 474 14 13
514 331 9 3
919 554 12 2
811 503 4 9
870 895 16 19
103 630 5 34
32 494 9 7
886 986 8 13
973 255 9 3
719 2 6 3
359 35 16 12
715 464 13 19
997 299 10 9
732 374 15 2
419 400 4 8
439 968 4 22
129 940 2 12
30 173 20 31
921 391 9 13
119 380 6 8
261 491 2 10
339 685 19 32
956 445 13 31
785 6 12 25
317 801 14 3
585 660 11 6
802 378 1 21
285 639 17 31
166 940 16 7
824 809 13 2
215 973 3 39
739 19 9 37
447 612 18 15
804 936 17 3
590 700 3 4
996 591 3 2
832 396 1 13
959 652 13 28
185 512 6 3
573 43 14 4
654 103 14 24
957 213 6 18
806 807 2 5
311 887 19 16
686 387 15 35
428 37 16 18
846 284 16 18
411 452 7 1
648 395 3 11
520 64 9 33
29 601 6 35
851 693 16 36
268 258 8 55
921 81 2 13
84 463 20 9
595 937 1 18
478 180 15 3
12 353 3 12
338 782 8 5
379 726 7 9
78 827 8 31
494 910 14 26
356 936 4 27
645 107 3 12
565 728 13 2
851 629 5 9
465 901 16 31
508 718 7 36
291 413 9 33
646 750 7 6
882 534 13 40
689 988 18 38
238 2 15 31
975 89 13 11
51 729 17 11
47 351 16 3
353 384 4 47
260 697 5 5
567 274 19 14
724 818 18 15
966 918 13 2
508 47 20 2
275 729 2 11
822 293 7 3
751 502 16 12
462 925 10 18
522 743 20 7
403 512 9 32
472 800 4 13
952 26 18 26
648 997 7 12
725 989 8 11
103 359 2 18
783 39 9 10
752 939 2 1
230 379 8 4
315 723 3 21
344 550 9 2
857 69 1 34
643 413 7 27
507 991 1 6
468 530 20 42
116 267 16 31
158 621 15 13
519 513 18 36
825 851 18 3
49 78 8 3
547 330 18 3
28 701 14 10
640 904 7 16
487 723 2 1
52 238 14 20
298 889 1 14
565 483 16 25
803 320 15 8
113 266 10 39
217 623 17 13
592 375 13 28
786 805 17 17
456 335 17 44
37 340 2 7
530 477 20 2
829 149 20 14
239 848 3 11
61 905 16 1
799 55 12 7
752 308 12 45
454 3 7 36
53 209 15 7
968 625 12 24
851 156 2 9
617 732 14 43
667 958 10 32
796 63 20 3
143 625 17 20
50 174 4 15
73 290 18 9
632 657 9 29
10 447 9 28
309 516 9 12
284 975 18 12
957 898 16 1
623 970 20 38
813 792 12 38
339 330 16 11
709 864 3 35
143 574 2 25
556 151 14 12
437 769 5 23
48 10 14 37
195 963 2 19
420 322 18 25
834 78 12 17
202 853 17 25
585 794 8 16
820 73 3 13
842 453 16 1
621 886 10 8
329 874 1 12
726 973 7 11
560 860 16 32
871 8 13 13
229 922 12 31
353 602 10 30
138 947 16 34
437 655 12 3
990 681 9 17
700 320 17 9
747 502 2 11
310 26 8 21
135 706 4 1
380 549 8 31
454 466 15 14
73 17 7 3
223 14 1 3
458 437 9 3
465 463 5 19
50 748 19 3
263 514 17 13
906 803 16 15
782 951 18 3
973 365 5 23
702 276 17 15
960 667 18 1
930 748 17 45
175 40 14 32
140 894 7 38
743 589 14 19
457 567 10 26
794 297 7 2
785 357 14 14
86 578 6 18
454 226 14 20
733 960 9 13
426 607 1 11
942 888 4 34
662 825 8 1
289 668 2 11
501 613 12 11
943 192 13 13
997 960 4 13
999 1000 4 11
92 903 12 8
625 708 17 5
441 506 5 2
583 176 16 1
698 125 7 12
897 168 3 25
617 304 14 39
213 836 14 41
914 557 13 1
735 590 15 27
431 456 9 35
791 987 6 36
745 315 18 15
638 525 12 12
770 419 12 13
870 933 3 12
327 842 5 12
517 736 6 11
631 551 13 14
652 872 8 12
714 900 8 2
724 830 2 27
356 940 18 10
745 618 16 23
192 727 9 39
567 668 11 4
78 784 20 34
135 548 4 25
891 355 17 9
428 859 5 25
775 360 4 5
935 712 7 11
41 931 12 35
780 312 11 1
346 642 12 32
95 233 15 12
289 482 13 10
301 622 12 22
885 544 6 10
415 255 5 17
989 251 14 5
707 568 19 2
792 218 13 8
735 561 2 19
97 505 3 6
758 256 1 22
808 753 14 11
71 832 5 11
681 739 11 12
260 206 4 12
630 254 1 14
75 340 10 19
845 243 6 5
902 857 11 16
909 652 9 31
944 51 11 19
743 369 7 4
14 565 9 29
482 757 7 2
146 890 6 47
470 947 11 20
970 270 3 8
973 912 5 9
183 733 3 3
286 375 12 23
29 513 2 33
226 12 2 50
544 612 13 8
426 409 15 12
673 315 20 1
353 371 13 14
608 627 12 1
256 250 10 38
699 838 19 27
995 517 8 26
912 35 19 12
151 597 15 20
663 277 5 4
625 980 4 3
531 898 2 22
458 457 5 13
262 213 13 2
832 168 11 59
591 327 1 21
901 985 10 6
346 721 13 33
700 479 15 13
146 274 19 11
706 396 13 15
425 694 11 28
937 191 18 6
497 515 7 24
935 203 11 26
265 463 3 16
484 505 13 9
765 99 16 25
252 36 11 13
370 282 12 17
661 290 8 13
203 710 1 13
713 512 12 6
221 466 13 1
803 125 10 12
489 997 2 8
905 169 19 12
93 635 9 17
515 9 4 3
65 863 13 2
49 328 14 3
155 269 7 41
605 597 12 19
121 458 2 52
376 801 13 15
782 516 18 12
846 95 5 14
556 11 5 16
134 22 1 2
198 36 20 17
487 83 5 34
746 1000 19 13
32 286 1 2
775 730 5 3
502 627 5 26
52 577 8 1
13 825 12 13
222 555 3 17
306 830 6 35
667 850 4 13
643 625 6 17
813 13 19 3
323 826 2 47
31 424 8 12
135 555 2 5
312 170 18 12
298 391 10 11
140 777 12 3
767 144 6 16
993 1000 5 48
810 676 8 14
202 441 3 3
747 76 5 48
375 237 14 27
185 296 11 36
91 950 2 25
238 892 18 1
521 476 1 22
559 305 4 15
557 844 19 3
638 336 14 24
614 631 4 21
855 4 15 42
423 367 8 3
254 806 18 49
806 585 15 6
500 383 10 11
819 404 7 12
739 688 13 38
54 937 7 16
27 601 9 37
362 762 2 45
441 940 14 19
663 693 8 34
674 142 12 3
62 214 20 22
688 278 9 1
187 390 17 19
888 173 16 23
819 770 14 28
402 658 10 3
769 668 15 17
19 262 3 35
649 283 13 31
951 246 11 15
931 421 15 8
989 356 13 2
425 986 15 3
4 931 7 36
710 224 4 3
458 796 1 32
80 419 5 26
506 804 1 31
692 98 5 19
198 797 7 7
642 521 13 3
713 294 17 21
784 238 7 26
604 875 3 4
387 157 9 41
63 742 12 3
149 297 3 14
127 115 4 3
868 443 6 13
674 705 18 14
536 772 3 20
583 227 8 11
366 636 7 21
950 928 20 6
32 924 2 10
972 852 19 12
449 212 18 53
387 533 15 27
246 373 20 1
332 115 15 12
271 879 18 8
405 939 5 13
991 981 20 39
65 251 6 34
729 446 2 11
3 745 10 1
277 314 5 38
83 474 17 23
758 670 20 14
871 535 18 22
784 344 12 9
56 975 10 13
946 849 20 17
181 665 13 13
324 826 11 35
107 628 4 12
462 293 9 13
36 804 6 13
907 135 5 13
161 709 4 33
891 991 18 3
25 761 16 23
867 813 20 38
32 327 1 2
947 603 3 7
311 825 10 12
930 933 20 2
976 922 12 14
308 672 12 25
991 970 6 37
631 685 18 20
834 102 15 19
961 340 4 16
341 607 9 9
531 843 2 3
822 908 8 22
907 700 9 3
347 960 20 21
586 63 6 20
866 746 19 12
728 874 2 13
285 848 11 29
798 463 4 32
691 558 13 13
598 641 8 22
488 664 16 14
534 279 17 40
5 524 13 5
694 975 20 12
597 847 11 3
338 182 9 23
893 178 6 16
108 26 4 7
714 128 2 34
163 194 5 26
468 739 7 38
937 976 8 1
78 735 12 13
764 114 16 3
486 904 9 32
115 139 3 11
268 944 4 2
111 384 17 34
399 350 9 13
185 7 14 9
608 627 4 12
711 373 7 15
640 682 16 4
574 154 6 13
454 687 14 27
448 2 1 14
154 456 4 12
397 245 18 33
686 882 17 34
843 172 13 22
21 347 7 5
123 807 19 2
970 280 17 2
498 301 11 40
849 585 20 16
36 783 7 5
145 12 16 12
934 714 5 31
513 76 13 29
116 948 11 18
33 656 13 5
592 276 5 14
692 838 14 13
522 86 20 12
670 445 5 30
433 719 1 12
451 367 5 34
982 867 19 11
443 343 19 33
520 990 5 25
827 784 20 3
453 200 8 1
77 63 4 26
656 803 17 13
276 269 15 41
723 98 15 11
264 516 19 38
299 835 10 3
180 607 6 20
103 850 18 50
13 773 6 31
703 7 12 33
690 20 18 1
297 948 4 34
764 47 16 11
501 55 9 15
210 199 17 19
241 926 3 3
303 207 20 13
20 969 15 3
537 849 3 13
305 162 4 24
397 867 7 7
844 237 2 1
29 266 1 1
482 711 20 20
97 836 15 12
992 115 4 7
357 241 11 35
524 294 13 5
711 60 5 28
890 795 20 3
306 558 9 7
425 94 6 2
388 964 11 6
294 981 9 11
52 525 7 32
450 298 7 22
440 850 6 12
670 685 3 29
600 607 20 4
986 820 13 39
14 154 20 26
663 923 1 16
301 294 15 13
745 650 4 25
95 898 8 40
992 668 6 5
610 287 17 52
621 119 9 28
425 823 15 13
259 464 10 11
189 329 17 22
726 407 6 1
669 30 14 8
240 139 17 6
458 519 13 13
507 639 1 1
465 809 20 1
572 858 8 29
845 538 5 18
323 45 2 47
394 396 10 19
276 661 20 38
878 899 20 49
102 376 2 34
487 735 2 12
986 559 11 23
883 547 2 13
533 747 17 25
320 357 4 27
80 43 12 22
923 863 15 43
111 144 15 1
565 985 2 28
781 329 4 12
495 158 6 8
596 793 6 10
807 800 9 29
997 8 10 23
216 806 16 12
662 697 19 9
974 116 3 1
637 634 11 7
157 438 20 13
459 145 15 30
937 314 2 13
832 256 13 17
249 253 12 43
578 190 20 11
969 99 6 38
424 750 2 24
120 200 3 17
209 927 5 2
36 269 8 1
413 514 13 2
532 290 19 8
172 351 3 12
665 660 12 25
931 609 7 11
972 27 11 4
499 156 9 11
308 472 16 42
314 734 10 49
327 81 6 12
533 640 11 2
364 12 17 26
853 456 19 52
740 370 18 19
425 671 8 38
930 621 12 19
102 212 18 26
751 157 4 47
603 679 8 22
644 928 1 12
244 262 7 28
997 842 12 2
233 615 16 8
856 909 7 27
734 602 2 2
665 472 6 34
404 80 6 3
40 248 17 8
742 440 10 21
837 709 10 2
743 939 18 13
796 37 4 1
556 57 6 31
694 305 20 13
361 866 9 14
257 965 14 13
168 251 5 37
735 567 14 21
684 387 13 24
312 285 13 4
249 47 3 1
213 642 17 22
44 321 8 39
264 844 5 17
553 366 17 9
458 310 17 18
970 91 6 9
148 204 4 31
729 511 8 8
295 63 13 14
160 21 16 12
592 555 13 13
77 509 8 9
541 847 5 16
327 299 9 19
389 273 15 2
729 725 15 6
73 685 13 33
123 118 6 48
460 579 1 40
971 528 12 3
443 573 17 42
180 866 7 11
42 51 15 23
612 139 20 11
103 445 9 21
383 767 19 45
188 41 7 18
263 344 3 62
653 723 20 1
20 522 18 18
821 498 7 26
676 245 3 3
133 670 3 13
25 915 18 11
891 996 13 11
32 910 4 33
23 650 8 1
747 737 16 21
789 287 6 14
510 258 3 18
280 883 20 1
946 118 12 3
101 469 14 32
562 489 16 16
679 43 10 22
601 287 6 3
337 758 3 9
299 617 12 14
814 529 4 6
37 907 10 13
431 371 14 14
68 679 3 18
166 335 4 13
409 402 5 8
386 388 12 19
483 859 10 21
535 458 17 34
675 750 19 3
141 745 8 19
31 346 1 3
833 629 19 16
196 602 5 32
20 363 14 10
565 40 12 17
918 55 15 16
955 615 20 35
213 653 1 39
16 306 12 18
840 966 7 3
196 353 14 2
671 349 6 6
660 519 18 31
151 70 3 3
271 390 12 52
81 844 16 37
821 647 1 2
30 969 1 12
20 263 1 36
552 886 1 17
65 932 12 2
154 516 16 3
566 616 18 10
90 511 17 16
404 679 10 3
560 709 14 4
944 814 18 11
321 945 1 3
468 714 10 36
526 722 12 29
973 600 14 3
675 779 17 20
512 578 11 3
714 220 3 14
354 792 1 18
690 12 1 3
538 885 5 7
493 561 7 8
667 458 4 1
713 317 6 12
781 504 16 7
797 120 19 11
347 375 6 21
219 973 11 16
500 228 17 24
906 427 3 13
354 763 11 25
937 626 6 36
424 641 11 24
197 813 10 26
562 125 17 12
691 776 6 13
204 634 8 12
449 574 15 12
57 912 5 17
593 486 4 32
55 857 5 31
311 89 1 6
585 167 2 3
793 524 18 7
57 973 12 8
132 773 1 17
911 986 14 22
132 343 16 18
774 670 19 13
770 381 3 16
177 665 6 13
470 13 15 26
397 563 11 11
391 833 19 23
208 221 12 23
546 735 11 2
808 209 8 7
779 98 7 11
325 846 10 5
798 823 20 1
708 74 8 29
719 209 9 3
712 329 19 3
121 420 3 51
859 700 15 9
526 916 13 13
260 548 2 19
833 518 6 8
66 280 20 26
894 828 19 10
473 547 11 11
251 371 10 41
612 73 8 22
324 322 19 11
685 140 20 2
179 805 17 21
668 725 15 9
220 719 5 13
454 31 4 20
802 931 7 13
622 616 20 24
939 236 14 15
730 212 3 28
465 458 10 15
681 773 20 23
731 713 19 12
579 939 2 19
9 703 3 11
463 63 17 31
994 720 19 20
805 148 4 23
765 98 5 7
301 435 6 34
218 704 7 29
531 191 14 28
867 913 2 1
445 401 5 12
598 637 5 20
832 548 11 22
49 726 18 53
940 806 16 12
767 297 19 13
64 114 7 28
714 846 4 5
217 920 1 14
482 828 1 12
633 299 10 39
750 653 7 16
520 681 7 42
902 815 11 40
22 810 18 14
639 317 18 13
611 768 5 24
972 192 12 10
35 993 3 29
969 261 15 12
767 705 8 3
154 40 3 20
359 187 3 1
184 229 20 13
471 62 12 24
609 759 4 1
434 795 11 12
320 140 16 44
770 477 9 10
592 910 16 36
202 872 9 5
860 456 5 11
447 63 5 5
858 886 10 27
804 640 3 35
361 334 16 13
604 725 16 1
930 857 5 15
262 921 7 11
181 631 14 31
640 116 14 1
652 563 1 14
565 153 19 17
943 232 13 1
135 473 5 10
590 662 9 16
814 108 18 5
886 462 11 17
552 132 16 16
344 981 13 36
411 871 13 26
126 911 19 22
285 844 1 11
585 266 2 41
233 3 8 48
548 759 18 11
376 398 7 17
224 431 10 24
452 960 5 28
196 430 10 13
829 580 20 1
623 206 9 11
665 849 14 3
234 145 2 3
653 740 10 11
5 49 19 2
537 357 18 15
574 514 4 7
604 362 16 7
271 422 5 11
5 696 17 3
656 865 11 6
593 266 5 3
72 995 20 2
739 160 8 19
814 658 15 9
52 367 6 11
189 240 15 17
635 507 20 7
161 314 20 12
883 975 6 8
668 590 19 2
188 413 14 24
862 299 6 6
182 341 20 3
747 149 20 3
571 888 2 8
461 846 16 8
719 395 8 1
552 773 12 33
387 602 8 30
411 205 16 2
29 163 3 9
140 945 20 9
885 668 6 16
626 521 14 6
6 34 17 20
443 992 1 12
280 289 20 2
225 229 8 3
87 352 9 12
841 460 8 28
922 496 11 41
541 334 11 17
216 645 16 23
794 941 8 3
938 253 5 3
994 498 2 2
128 19 8 5
124 395 14 47
998 64 16 2
18 414 5 21
259 403 18 6
498 443 8 14
303 716 6 17
210 132 2 25
838 151 5 24
884 724 4 2
755 761 10 9
385 951 4 9
696 624 16 33
382 427 6 1
274 440 7 6
67 797 5 2
727 47 11 18
642 985 16 13
379 638 10 19
584 118 3 12
284 957 7 35
227 915 16 45
516 944 8 22
145 16 13 36
571 354 7 37
347 912 2 3
545 161 12 16
54 469 18 19
784 550 16 11
68 293 15 40
661 873 19 3
964 562 13 11
341 997 1 16
25 991 10 16
262 485 10 2
88 444 7 20
394 897 14 40
838 247 5 2
807 383 14 14
949 35 7 11
46 593 1 44
905 301 8 40
661 84 2 24
965 737 15 33
374 243 10 5
540 912 5 23
6 335 18 13
843 736 14 26
575 604 17 2
211 769 2 51
711 219 4 3
45 661 19 13
526 616 12 31
936 472 15 16
511 47 17 12
863 464 4 1
943 105 1 14
438 974 9 30
826 285 14 18
254 408 10 16
525 757 16 21
953 824 10 13
477 381 14 16
200 588 20 30
73 863 9 59
918 905 17 29
739 101 17 28
946 431 9 35
704 266 14 13
371 829 16 27
164 199 2 3
867 647 18 2
774 573 20 48
462 792 14 3
968 703 17 5
763 531 1 33
405 408 10 45
356 804 20 24
296 761 19 24
70 847 18 20
824 465 8 1
598 618 2 26
486 384 14 34
721 484 4 3
944 885 20 11
124 981 7 37
300 743 15 28
222 73 18 20
268 961 12 10
624 317 1 17
783 561 15 13
151 644 2 2
659 313 20 17
105 705 4 3
759 287 6 40
785 464 17 2
444 596 17 26
313 429 20 34
25 830 15 7
766 845 15 37
468 841 16 13
406 988 19 16
642 300 7 3
4 285 6 19
76 287 5 28
964 38 7 25
529 561 16 4
793 339 6 12
79 253 20 33
333 335 12 38
808 270 2 1
4 66 16 13
991 716 6 11
963 209 14 38
195 345 5 10
828 672 7 31
867 470 19 15
662 851 18 4
638 349 12 32
925 101 19 18
51 771 14 12
403 126 6 49
933 616 16 30
146 542 14 33
327 203 2 10
323 369 18 35
806 938 14 11
327 190 6 18
132 354 9 3
726 398 17 3
119 179 7 20
821 990 10 32
808 656 13 8
989 302 2 16
624 639 15 4
708 802 10 21
822 616 19 29
861 240 10 16
624 699 3 21
204 979 20 14
733 299 2 9
791 221 11 12
862 535 9 29
206 142 16 11
263 606 18 6
238 180 20 57
907 135 1 13
336 305 14 5
270 11 15 22
525 289 11 9
804 387 10 6
63 382 1 12
558 178 10 11
747 438 1 2
224 804 2 18
227 767 13 44
9 229 13 1
875 631 17 25
357 863 9 41
101 515 12 9
133 393 11 8
136 290 11 47
510 362 10 7
316 715 15 3
468 69 16 35
427 510 9 3
157 674 14 1
80 179 1 32
518 879 17 8
365 211 20 32
187 464 5 28
853 157 9 2
712 117 7 1
835 960 3 1
582 91 3 3
797 206 11 13
767 915 9 1
840 397 2 1
43 622 9 2
918 858 20 32
112 435 8 3
975 103 12 11
739 33 14 13
984 521 11 28
115 362 12 13
128 595 4 7
363 449 14 20
848 317 8 15
643 188 12 3
333 79 12 2
3 433 15 14
255 370 13 2
592 32 9 3
632 950 7 16
556 182 17 34
539 699 18 9
903 902 7 27
781 48 6 32
198 540 15 3
459 429 16 23
990 870 1 38
90 604 15 13
14 211 9 10
345 94 16 6
908 595 15 15
776 55 2 9
294 755 1 33
455 318 14 15
527 587 9 12
152 363 5 2
512 553 12 36
163 446 9 2
810 13 3 32
377 652 18 40
663 34 13 49
95 843 14 21
225 239 1 39
763 117 2 12
98 449 11 7
451 202 20 9
911 644 1 11
795 2 13 33
413 294 8 13
967 751 7 43
79 279 17 36
162 17 15 13
337 394 8 8
710 804 10 2
120 921 7 2
895 916 6 5
379 345 19 3
698 473 6 19
341 706 14 12
953 865 17 3
519 194 15 38
458 40 13 11
182 326 17 18
817 27 2 20
67 702 7 10
997 82 16 6
151 633 9 11
855 834 6 40
372 800 5 29
944 509 5 2
635 528 8 12
305 949 11 13
43 184 20 23
382 803 7 3
804 672 1 2
139 759 16 11
335 674 18 21
414 465 11 23
885 992 1 11
38 14 19 41
763 622 8 5
857 173 15 8
199 393 8 29
317 909 1 11
14 169 14 11
143 86 14 13
407 677 14 29
736 521 7 35
877 657 3 18
438 76 15 46
169 257 7 46
336 560 1 11
497 112 20 3
526 822 19 2
895 562 14 13
778 969 2 9
568 42 5 5
929 70 11 3
270 950 7 26
625 578 1 11
957 780 14 13
534 79 14 4
85 889 19 9
431 383 20 11
320 785 17 13
188 818 17 51
606 988 11 18
501 495 18 29
259 522 2 11
377 808 19 34
847 790 12 22
213 23 7 28
769 907 12 20
466 3 18 22
504 190 9 2
670 156 12 3
800 149 2 29
541 478 13 4
855 263 17 38
347 545 11 3
252 921 7 16
182 655 3 11
407 741 3 30
714 435 10 21
379 890 5 14
300 444 7 15
11 180 18 10
232 580 20 12
376 726 16 14
140 123 18 3
760 233 9 5
418 646 12 49
810 587 4 1
155 203 6 1
896 866 15 19
701 817 4 2
241 701 11 9
676 199 14 26
68 770 16 31
566 469 17 39
700 663 8 18
683 767 10 2
536 3 12 3
442 674 4 11
520 905 4 19
68 301 10 20
575 292 20 12
629 583 12 11
81 48 4 29
152 826 20 33
470 934 2 33
912 842 7 7
977 572 1 6
907 181 14 3
11 48 16 13
24 577 20 18
241 519 19 11
325 915 10 13
976 598 15 17
123 894 18 35
134 543 10 3
291 877 3 12
178 378 12 15
620 259 11 11
216 280 14 23
251 602 15 57
717 19 18 18
676 301 2 43
927 546 18 12
16 399 19 6
149 993 6 49
969 436 10 9
987 484 13 22
657 281 5 12
467 772 10 24
902 888 15 1
81 8 19 21
922 363 13 40
193 154 7 13
43 19 6 32
57 657 18 2
109 262 20 29
766 235 5 10
487 88 12 33
128 58 20 3
126 784 15 27
201 514 12 8
715 608 11 13
432 784 11 14
461 544 6 13
626 300 9 6
898 959 10 12
40 196 10 11
401 253 1 17
718 279 15 3
734 227 20 39
430 111 1 2
646 429 11 1
171 561 3 21
344 407 17 8
613 197 10 3
771 932 15 1
720 539 20 12
807 580 12 45
292 897 3 35
485 145 20 25
414 490 18 21
178 74 17 2
348 309 9 8
615 424 17 36
684 660 16 28
34 254 4 12
291 474 11 2
892 247 18 20
98 743 11 2
361 252 16 3
684 113 7 24
936 130 7 18
804 817 5 22
534 941 2 47
528 345 13 5
365 535 1 23
365 766 17 22
23 436 20 12
354 62 5 13
94 975 13 38
158 934 5 13
461 895 17 13
459 315 9 24
95 768 9 13
430 232 11 19
229 424 2 32
821 177 3 37
824 84 20 11
10 742 1 36
646 521 14 8
179 58 1 20
992 358 1 1
248 90 2 19
828 938 7 38
388 951 15 7
7 830 12 35
428 75 4 6
536 675 3 20
402 391 20 2
388 847 3 23
214 382 5 11
400 791 3 25
950 63 17 11
486 601 5 60
639 971 11 1
358 777 6 11
174 632 20 11
271 693 20 35
846 531 12 32
964 205 1 21
852 609 1 43
461 393 18 2
474 369 2 13
403 589 12 31
98 331 4 29
700 73 13 18
187 206 9 38
749 710 19 6
961 222 16 23
741 582 19 2
437 944 10 13
850 307 5 17
434 963 10 7
295 90 7 17
17 749 3 31
426 783 18 9
996 788 5 1
670 206 12 13
141 675 19 35
866 183 16 13
766 471 4 25
334 738 6 14
430 965 11 29
723 816 10 3
659 598 13 34
648 305 6 11
981 975 16 9
909 959 1 3
239 234 11 19
365 844 14 30
692 413 5 43
634 263 8 36
300 324 15 9
151 11 11 4
928 592 11 12
439 444 9 21
494 129 11 11
402 51 3 2
515 109 14 6
421 890 14 26
441 899 4 11
921 155 15 10
33 877 2 19
757 478 16 21
596 826 5 3
87 582 11 29
582 33 17 4
309 821 2 2
306 178 1 18
308 130 15 44
17 993 17 11
992 833 18 20
648 981 9 1
116 142 3 18
460 442 16 11
514 306 18 2
508 601 10 33
194 610 5 3
838 91 1 7
361 797 17 6
631 390 13 38
110 864 10 3
731 978 15 2
77 372 9 13
930 114 2 9
135 697 20 11
750 496 10 16
272 633 6 6
180 842 15 29
963 883 3 27
218 611 5 3
660 948 1 12
526 515 13 37
600 845 18 13
739 805 20 36
475 909 4 17
405 580 12 11
88 289 5 12
355 425 4 2
65 872 14 24
446 601 8 24
21 738 17 10
542 883 14 39
534 116 20 46
704 454 9 9
588 873 1 6
786 688 3 19
800 29 16 12
692 505 5 3
772 643 10 28
249 105 7 10
101 843 9 10
270 831 10 25
778 291 1 20
883 336 18 4
881 1000 3 2
384 609 3 40
151 246 17 22
157 601 8 32
353 817 8 16
120 326 1 12
655 171 5 10
512 285 9 14
662 555 10 3
358 706 8 21
39 154 8 2
352 274 15 11
385 361 9 13
769 612 1 19
2 79 4 11
13 934 14 7
452 875 1 12
290 672 15 13
855 436 3 14
251 806 10 19
870 50 15 1
861 275 1 1
715 872 16 40
286 871 12 20
940 751 2 14
515 244 3 7
515 898 7 20
364 624 9 11
892 332 8 31
865 186 19 3
615 3 2 40
501 947 4 37
742 511 3 16
366 550 15 10
497 95 2 4
60 155 16 4
852 746 9 2
767 76 2 44
37 503 5 9
657 81 10 22
862 661 9 34
722 615 6 8
55 158 4 22
594 21 2 16
685 684 8 61
471 586 1 25
449 93 13 35
383 422 18 1
205 738 16 11
195 890 20 21
473 678 16 1
136 240 2 21
473 316 15 36
872 804 2 31
897 464 14 31
832 258 17 7
980 567 2 11
388 540 8 13
463 62 14 10
305 332 6 3
574 624 5 44
390 28 2 1
858 173 12 23
628 110 18 32
24 81 8 11
900 419 11 9
209 962 6 5
398 854 7 3
687 459 13 1
261 511 12 15
101 722 1 1
914 175 8 10
565 901 3 22
165 689 16 5
939 202 20 31
204 626 4 3
244 984 7 27
261 503 7 3
247 865 2 17
188 724 10 36
833 737 17 13
534 619 14 11
490 944 7 33
700 329 2 6
476 643 20 1
693 387 10 11
808 33 6 3
368 702 10 21
462 400 11 25
92 131 1 1
502 267 6 1
7 296 16 27
12 779 15 3
453 273 6 21
167 384 11 46
711 252 13 6
74 375 2 13
126 639 18 28
337 510 15 3
744 391 15 24
892 349 12 31
343 622 3 15
930 238 14 11
109 346 5 21
409 391 12 10
266 718 12 37
248 295 15 2
346 193 20 3
350 884 3 5
511 670 20 17
406 5 9 6
915 401 13 2
492 858 9 17
114 255 11 11
697 356 12 11
395 349 12 3
39 744 18 12
686 472 19 48
938 142 13 11
741 889 1 9
998 408 11 12
567 897 8 57
927 632 5 2
869 55 3 13
626 969 3 12
115 125 8 17
630 149 15 12
803 271 6 16
399 99 9 2
97 703 5 17
613 930 13 20
165 606 17 25
375 709 10 31
137 713 11 12
40 811 17 22
857 214 9 11
624 21 17 11
491 339 18 19
203 223 17 28
947 402 7 13
71 30 4 3
982 649 1 22
822 717 19 17
277 15 14 12
111 142 8 12
968 99 2 28
538 115 1 25
408 807 18 38
768 485 2 44
962 563 12 8
909 491 15 13
876 102 18 2
485 429 3 18
782 415 3 9
957 193 7 11
772 234 12 2
189 575 2 16
970 480 15 17
787 204 17 2
672 371 8 18
875 267 9 12
579 6 17 3
227 999 3 3
985 37 17 11
480 953 10 1
450 892 1 7
20 4 12 40
855 743 17 27
318 268 8 40
805 640 7 11
866 282 6 24
742 115 12 7
429 675 14 2
930 64 17 11
423 202 18 39
440 629 15 15
939 253 9 12
116 881 11 1
179 96 4 11
131 918 3 3
161 463 14 3
843 466 6 17
407 270 1 34
529 118 18 12
102 818 15 17
563 246 8 21
198 180 13 4
958 437 5 23
429 496 12 21
709 430 6 13
462 345 9 11
518 715 18 42
426 411 5 2
639 249 20 12
437 352 8 39
81 14 19 29
693 506 1 47
295 26 7 18
880 1000 5 11
565 304 15 2
320 670 13 13
154 732 14 9
808 605 6 20
641 754 17 3
193 620 15 31
568 248 16 12
758 140 1 45
256 405 16 20
545 303 15 31
196 456 20 37
386 556 6 7
794 79 1 29
946 989 5 3
888 815 20 9
787 677 5 11
831 67 5 8
295 992 8 17
953 563 4 9
707 586 12 10
25 623 18 15
582 480 2 11
51 561 14 2
124 963 18 11
873 824 13 10
653 45 4 30
650 765 14 15
165 86 16 13
964 196 13 11
986 656 5 41
914 860 16 37
538 189 5 13
275 604 17 16
995 111 18 11
50 822 6 12
762 423 2 1
700 956 2 21
96 668 9 11
635 425 9 21
994 819 18 25
55 870 11 2
826 862 12 11
449 328 5 25
936 583 12 4
891 694 18 39
924 276 6 1
268 841 12 11
797 299 5 33
737 627 4 2
908 172 5 36
609 619 10 40
722 172 9 31
415 57 12 6
3 204 7 13
926 441 17 23
318 153 17 37
811 567 11 6
690 922 7 1
403 413 18 34
222 139 4 9
934 218 13 26
761 377 9 3
308 166 17 2
567 907 18 7
767 335 1 23
14 125 19 13
832 339 17 6
922 855 6 28
765 511 5 13
381 128 12 10
462 419 13 17
453 48 2 28
213 988 6 13
341 453 20 19
945 794 6 12
309 197 15 14
776 492 6 8
427 491 11 1
732 509 10 18
494 781 3 4
841 940 9 13
188 639 10 11
699 280 8 27
481 469 1 2
135 897 6 37
314 236 4 18
764 69 7 3
85 386 6 3
184 262 7 44
641 59 9 9
448 209 20 14
11 540 10 9
597 246 9 2
250 251 17 41
630 926 5 9
804 111 3 19
514 807 2 13
840 22 14 3
650 59 9 3
217 398 11 27
350 507 16 37
125 685 12 38
625 399 5 2
249 759 17 55
106 431 17 36
870 79 4 13
869 742 15 11
861 358 11 5
194 253 1 3
906 117 19 18
676 690 19 11
488 391 7 18
947 870 11 35
683 508 17 41
183 560 12 43
836 32 6 13
79 330 5 27
575 758 2 8
320 852 3 13
761 801 18 4
772 476 14 27
863 619 10 13
187 693 15 2
290 752 11 35
672 446 3 2
784 376 12 2
542 87 9 13
743 606 5 17
295 561 7 16
946 308 1 6
399 306 15 12
609 789 14 27
731 776 8 14
297 194 15 4
511 473 3 15
894 408 8 4
597 275 17 13
206 417 12 1
278 454 13 2
769 136 20 3
671 563 14 18
412 268 1 1
965 880 5 22
389 617 2 1
900 293 12 5
477 208 14 25
754 363 16 12
680 304 2 38
306 93 15 14
429 336 3 12
800 297 3 43
501 520 3 9
379 219 2 13
239 433 8 14
721 620 9 1
476 696 3 34
125 207 4 1
235 471 13 15
522 312 11 37
188 524 14 32
745 363 1 34
221 219 15 12
42 156 7 62
290 103 16 4
658 26 1 3
771 251 3 33
258 670 10 2
799 520 9 1
318 465 8 11
307 371 6 1
31 200 2 13
33 2 10 4
395 541 15 21
440 73 16 8
121 538 1 2
337 698 3 2
607 282 4 15
551 6 18 2
780 635 14 28
531 525 5 11
708 711 3 12
903 498 6 25
817 249 10 17
973 862 16 17
816 41 9 26
230 89 11 62
221 937 18 3
193 687 13 1
766 557 7 5
599 196 19 24
35 287 11 1
77 62 6 5
568 110 8 3
477 554 7 19
774 621 1 14
456 422 14 36
371 249 13 19
836 765 4 3
492 676 8 11
306 294 13 9
854 838 2 23
226 637 14 34
332 929 18 11
289 336 17 3
922 323 3 24
621 567 2 12
934 69 7 30
481 646 5 33
762 106 2 46
23 152 18 8
626 772 5 1
753 37 14 18
945 202 12 32
870 293 14 16
519 974 12 49
447 108 17 2
131 858 6 35
562 205 1 10
900 268 4 13
83 476 12 26
949 597 2 21
330 789 6 44
329 256 7 24
258 321 20 39
504 455 7 19
595 172 8 21
407 795 18 7
528 280 10 40
593 372 9 16
257 409 2 3
732 881 19 11
180 246 8 8
220 96 10 14
363 16 8 23
992 567 3 1
581 798 8 1
83 816 4 22
198 361 1 1
70 368 6 1
668 555 13 21
526 218 6 3
11 255 5 26
558 285 7 1
338 17 5 12
173 301 8 14
846 704 15 29
23 969 13 3
345 87 5 10
549 515 16 3
18 455 9 18
81 588 4 32
331 507 14 37
212 761 11 19
486 767 6 43
3 324 13 31
716 458 14 23
918 902 7 31
724 421 16 25
243 569 15 32
43 688 20 33
587 158 17 25
978 517 9 9
418 186 19 13
81 161 2 9
29 904 11 7
28 839 12 2
784 525 8 38
783 347 12 1
878 967 9 28
120 276 12 12
872 734 15 10
166 882 3 26
198 847 9 13
774 552 3 5
488 735 18 1
527 998 2 40
771 967 3 11
65 371 11 13
283 468 7 1
216 695 6 3
934 404 13 13
207 367 18 12
697 666 9 2
317 726 12 2
976 424 10 15
493 806 8 12
15 405 16 16
8 844 7 16
271 532 5 2
427 207 3 15
279 746 3 60
138 30 16 20
977 459 9 12
982 492 16 23
958 488 1 37
579 316 15 12
629 897 1 22
146 577 5 33
526 554 19 25
360 178 20 12
879 800 7 12
66 972 5 11
124 559 12 32
353 266 20 39
257 26 9 17
280 677 8 1
169 952 13 37
984 424 16 2
111 965 9 27
871 35 16 13
668 875 8 12
74 848 13 17
443 404 2 21
308 899 8 1
232 105 20 13
78 558 11 3
435 396 20 12
903 705 13 12
10 457 8 11
975 605 6 16
449 876 6 25
534 508 7 1
58 104 12 3
450 820 12 36
258 629 19 5
213 968 9 41
626 398 18 11
466 673 13 37
501 888 9 31
317 814 14 13
466 178 17 11
995 138 7 6
454 418 9 1
834 360 10 19
712 362 7 6
41 775 3 11
357 777 10 20
195 379 11 7
170 219 2 8
543 669 16 17
90 575 8 11
987 673 19 14
919 128 12 9
222 491 15 2
973 120 20 1
814 742 9 11
216 638 7 4
713 41 18 2
656 151 7 11
374 744 5 9
63 392 7 8
61 404 7 36
80 717 9 36
979 16 7 31
497 54 12 28
403 826 2 28
935 781 13 25
247 394 15 11
699 500 2 11
869 774 19 34
157 47 2 1
800 943 12 3
521 20 15 3
775 212 5 31
626 88 17 1
651 429 19 28
207 518 19 3
365 150 4 7
695 559 2 15
688 226 6 23
616 766 14 12
892 741 10 20
232 829 10 11
797 205 19 10
606 294 9 18
173 900 2 19
121 860 4 2
917 838 7 50
113 534 9 39
198 633 7 1
942 810 18 14
557 716 14 7
743 312 17 30
863 166 4 32
807 249 17 36
438 1000 6 2
910 237 9 19
828 157 3 1
298 953 9 19
587 676 2 13
597 21 20 8
236 936 17 2
455 463 15 45
90 479 4 24
597 600 18 10
627 1000 15 11
