90 257
1 67 16 2
19 47 16 1
75 89 7 11
19 43 17 1
83 40 18 1
57 86 3 3
49 86 6 2
20 53 5 2
35 6 2 2
28 42 19 1
43 13 9 2
17 58 4 3
66 86 12 3
38 13 10 3
26 70 17 3
70 13 4 2
25 24 16 1
28 75 3 2
46 81 20 3
10 69 7 2
88 49 14 2
82 52 15 27
29 5 17 48
15 81 13 1
9 58 17 34
8 18 13 48
63 20 4 50
27 12 16 7
13 14 16 3
21 76 11 3
24 89 8 2
4 48 12 1
20 76 10 1
44 62 7 1
34 27 6 11
66 33 13 3
62 11 6 1
14 3 18 1
25 14 8 3
51 22 16 3
24 73 2 8
4 90 2 8
8 32 4 1
40 3 2 2
44 59 3 2
9 88 3 1
44 81 6 3
19 49 2 27
74 83 16 3
11 54 1 43
43 25 15 36
25 39 7 3
66 24 15 1
32 76 12 43
35 47 7 2
7 88 10 29
65 62 3 2
33 8 2 2
62 27 11 2
77 63 1 1
25 56 11 1
31 86 5 1
35 19 14 1
64 90 15 1
6 24 20 2
24 90 6 3
35 2 19 3
35 74 18 41
71 12 12 1
1 80 3 2
81 26 6 3
23 44 17 3
39 54 18 3
7 27 14 2
22 16 19 3
31 82 20 1
15 83 2 26
78 14 4 1
45 12 8 48
82 89 2 2
40 51 18 3
75 20 6 1
44 15 1 1
63 25 7 1
33 25 16 5
41 52 16 10
88 74 7 25
23 22 11 47
69 73 11 11
51 13 3 3
10 51 20 2
42 9 1 2
60 11 15 35
87 68 7 2
30 76 9 1
2 30 1 3
75 18 18 2
56 47 16 3
10 20 6 1
23 73 6 2
82 23 12 2
15 21 17 3
69 6 1 1
29 85 4 3
38 37 14 1
35 90 16 1
7 35 20 3
23 63 15 23
82 4 2 2
42 78 15 1
71 84 10 3
52 45 15 3
45 39 3 2
25 52 17 1
6 5 19 3
42 8 2 1
33 61 9 2
41 5 8 2
47 29 9 3
65 47 16 33
8 27 10 1
46 69 1 37
49 64 10 2
72 65 2 1
73 56 15 1
79 68 12 1
64 84 20 8
10 86 5 3
76 34 3 1
7 12 3 1
16 17 20 2
55 4 7 1
49 63 3 9
33 2 10 3
21 36 18 27
22 53 2 28
46 64 2 2
59 12 20 3
43 69 7 1
84 79 15 3
85 64 2 1
53 45 15 26
35 28 9 22
31 62 2 2
77 17 4 30
63 5 14 2
15 66 3 12
19 16 4 3
78 75 11 1
52 60 4 3
36 29 7 1
67 31 8 16
47 70 14 26
34 18 19 3
21 28 10 1
69 64 7 22
89 48 15 2
87 41 20 3
88 80 10 1
7 56 9 3
21 84 8 3
42 70 12 2
54 84 2 2
61 77 18 1
73 12 7 2
67 23 7 19
67 46 13 5
88 86 9 1
61 86 20 1
41 32 15 3
79 59 11 25
77 81 15 2
33 72 5 34
11 38 18 3
11 20 16 10
3 2 14 1
57 80 2 30
61 32 18 3
68 81 19 1
15 64 10 3
24 55 6 3
15 57 6 3
20 90 16 1
15 38 16 3
37 14 19 3
57 75 7 14
72 20 8 14
60 40 11 13
89 8 8 3
72 76 17 1
85 26 14 17
37 50 1 2
50 4 7 3
56 86 19 45
19 59 4 2
70 5 15 25
32 80 13 1
9 64 7 1
23 40 6 41
42 37 14 3
80 73 1 1
71 74 18 2
67 64 10 3
50 78 15 2
46 36 17 3
75 26 8 44
49 66 15 2
27 5 6 2
60 70 15 1
42 60 13 19
41 31 6 2
69 3 12 47
57 72 5 1
1 46 18 32
58 57 14 3
41 44 10 8
35 70 1 3
43 84 1 1
17 4 3 3
77 34 16 1
83 85 13 1
71 27 6 1
79 13 10 10
25 69 20 2
48 27 15 3
31 21 10 10
53 90 8 2
50 84 16 39
16 6 11 29
10 87 18 1
22 12 5 3
41 12 12 3
60 46 5 3
18 86 1 1
43 32 14 2
82 2 17 2
17 24 4 29
87 29 2 2
86 55 8 2
53 69 13 3
28 4 15 1
87 38 7 1
5 59 2 2
77 79 6 2
88 48 14 2
58 26 1 3
43 10 16 3
36 71 14 1
87 84 13 1
7 57 11 2
10 13 6 1
64 45 5 1
67 7 10 2
62 55 14 3
15 88 5 8
74 85 12 3
12 90 5 3
