90 257
1 57 5 2
86 61 12 34
31 83 3 47
56 60 2 3
6 24 20 17
13 85 20 2
89 15 14 11
44 23 16 10
41 27 8 1
43 63 13 29
37 29 8 3
19 43 18 3
8 14 14 3
65 14 4 3
38 44 6 35
77 89 17 14
79 10 17 3
25 30 6 2
36 9 6 3
57 8 11 5
85 80 14 2
17 22 3 7
4 35 12 10
78 9 3 3
29 67 15 45
26 89 16 1
84 32 17 1
30 6 7 3
49 22 7 48
21 84 1 1
37 55 5 29
9 90 19 8
37 77 20 2
1 40 9 2
73 82 1 33
37 22 10 1
56 27 11 2
59 36 6 30
21 18 12 1
37 17 9 2
77 52 17 1
40 34 17 1
33 15 20 2
71 67 19 2
83 48 10 28
70 87 11 1
46 85 14 25
58 21 10 1
70 38 20 19
4 5 12 2
8 27 20 37
71 45 17 2
36 33 4 29
78 18 6 39
10 18 9 3
57 53 13 3
1 8 3 32
89 42 12 2
5 76 19 1
21 81 2 2
45 33 3 1
89 24 6 44
58 51 9 2
15 39 2 2
62 18 18 2
52 2 9 1
61 77 4 3
70 26 7 1
42 67 19 1
25 22 7 1
77 67 11 3
79 45 3 12
61 24 9 3
25 18 3 3
18 47 13 3
12 56 17 5
13 23 14 50
41 56 16 36
41 58 8 3
29 82 3 3
46 28 1 2
3 17 17 2
55 39 4 2
55 67 19 1
74 20 13 3
69 16 6 22
71 53 7 2
69 75 4 3
56 29 19 1
12 87 7 2
44 84 9 3
63 33 8 2
59 68 16 1
73 3 20 2
45 67 18 3
79 77 1 3
60 62 9 3
21 4 13 3
8 88 18 3
87 42 13 48
28 64 11 3
48 49 15 26
89 23 4 1
68 17 13 11
5 3 6 2
54 6 14 3
58 23 4 1
26 64 14 1
58 67 12 3
48 90 15 2
3 50 11 3
14 24 10 3
69 63 17 2
52 23 20 14
47 80 9 25
27 63 6 1
58 28 16 1
27 34 7 11
43 36 10 2
47 28 13 10
53 18 10 8
16 70 6 1
57 5 8 16
87 17 17 1
54 85 20 48
83 22 13 3
52 73 2 1
76 9 8 2
56 64 11 3
10 88 3 27
72 66 5 1
15 87 7 3
38 46 10 1
59 47 19 2
6 53 6 1
33 50 15 3
86 55 19 1
64 11 17 1
4 85 16 2
72 6 20 1
55 40 4 1
50 9 3 1
33 34 7 8
5 67 14 1
10 16 7 1
20 40 10 1
32 78 16 2
78 26 9 2
32 64 2 3
66 11 18 2
41 20 3 2
38 8 5 3
82 54 12 3
19 41 5 1
34 29 14 1
87 20 13 1
23 2 11 1
27 11 12 47
23 90 10 1
59 14 16 2
71 13 2 9
36 61 13 3
65 3 12 1
70 32 1 3
82 46 13 26
31 65 16 3
51 28 12 3
59 13 10 1
65 79 13 1
31 13 12 23
27 53 6 22
31 66 11 41
17 85 19 2
69 82 17 2
21 54 4 2
35 49 3 3
56 33 18 1
84 28 4 3
2 68 18 1
67 50 18 2
12 75 20 3
41 18 4 1
76 31 18 2
4 20 7 3
58 27 13 2
35 38 8 3
10 2 12 3
68 42 4 3
69 46 15 3
74 67 15 1
57 31 1 19
44 62 16 43
20 2 4 43
48 27 2 3
76 15 4 2
79 84 12 3
79 53 18 3
76 75 9 2
76 35 18 27
63 85 3 3
13 56 14 1
9 39 8 1
45 12 7 3
47 81 5 1
16 9 19 1
24 46 19 3
69 90 11 1
37 69 16 3
56 35 11 1
80 22 11 3
16 89 9 2
23 48 19 2
69 30 19 41
55 71 13 2
19 71 6 27
83 43 12 3
30 72 2 3
69 19 5 1
51 83 8 3
5 10 11 10
86 53 16 1
12 52 14 34
3 44 7 1
79 14 5 1
38 66 9 13
25 17 15 1
70 46 18 2
53 90 18 1
4 65 9 8
57 37 3 2
55 30 7 25
79 72 10 26
11 75 15 1
65 80 2 2
4 22 18 3
75 7 11 3
88 25 19 1
31 34 6 2
70 86 5 2
19 80 8 2
81 14 13 1
39 17 11 3
41 28 6 2
7 2 13 1
53 49 14 1
49 60 8 2
19 82 19 1
8 53 3 2
33 90 1 3
88 54 20 1
74 59 14 1
12 74 11 2
77 40 4 30
34 22 18 2
66 51 1 3
79 55 1 8
22 90 11 3
